0 2
0 43
0 48
0 50
0 92
0 93
0 142
0 184
0 193
0 203
0 232
0 234
0 240
0 251
0 256
0 293
0 295
0 305
0 305
0 330
0 340
2 343
4 181
5 169
7 213
9 56
9 128
9 133
10 142
10 169
10 332
13 65
14 151
16 329
17 41
17 214
19 289
21 67
21 169
21 200
21 212
23 240
24 101
25 39
25 270
25 336
26 67
26 109
26 188
26 248
26 271
29 118
29 252
30 331
35 143
38 141
38 332
39 69
40 203
40 213
40 298
40 304
41 243
45 132
48 126
48 299
48 332
53 191
55 203
56 104
56 231
56 304
58 2885
59 211
59 261
65 203
66 134
66 239
67 98
67 141
67 158
67 158
73 88
78 218
84 224
88 164
88 303
89 219
91 110
94 300
98 315
100 119
101 254
104 109
104 169
104 188
107 348
107 376
107 902
107 910
107 917
107 918
107 922
107 935
107 950
107 966
107 973
107 990
107 1050
107 1080
107 1087
107 1089
107 1127
107 1128
107 1130
107 1142
107 1158
107 1160
107 1167
107 1176
107 1185
107 1206
107 1217
107 1218
107 1247
107 1277
107 1278
107 1279
107 1307
107 1316
107 1330
107 1352
107 1352
107 1355
107 1365
107 1369
107 1372
107 1379
107 1404
107 1449
107 1469
107 1487
107 1488
107 1514
107 1519
107 1521
107 1523
107 1526
107 1535
107 1588
107 1641
107 1648
107 1668
107 1670
107 1704
107 1725
107 1734
107 1738
107 1748
107 1770
107 1801
107 1804
107 1808
107 1837
107 1844
107 1847
107 1855
107 1863
107 1871
107 1879
107 1896
109 169
109 271
109 304
110 259
115 116
115 312
116 144
117 285
118 313
119 146
119 200
119 323
119 331
125 169
128 211
130 213
132 158
135 281
136 308
136 308
136 2054
136 2199
136 2337
136 2498
136 2571
141 276
141 280
146 339
149 162
150 217
153 280
158 315
159 281
159 281
165 200
167 310
170 200
172 239
172 271
175 263
178 186
178 231
181 218
186 285
188 200
188 342
194 249
198 348
200 322
200 332
201 259
202 329
203 261
203 271
203 304
203 313
213 231
218 275
218 275
223 313
223 342
232 271
232 291
239 322
242 254
242 299
248 252
249 299
250 322
252 261
252 313
257 295
271 322
271 323
272 277
284 320
290 342
297 322
313 339
322 342
326 343
348 361
348 376
348 382
348 386
348 413
348 415
348 436
348 444
348 528
348 543
348 566
348 569
350 519
350 528
352 492
352 494
352 525
353 1358
355 361
355 547
359 361
359 422
359 474
360 438
360 460
361 470
361 547
362 373
362 492
363 482
363 492
363 669
363 1536
363 1767
366 492
366 580
366 976
366 1320
366 1549
366 1616
366 1616
366 1631
367 455
368 431
368 479
368 503
368 521
368 553
369 407
369 469
369 486
370 471
370 561
370 567
372 410
373 431
373 483
373 507
373 542
373 563
373 563
374 402
374 439
374 507
374 513
375 538
376 395
376 473
376 488
376 1179
378 431
378 475
378 495
378 506
387 428
387 465
387 507
389 457
389 518
389 1275
389 1385
389 1496
391 446
391 500
391 502
391 515
395 524
395 553
395 614
395 678
396 403
396 450
397 432
397 439
398 493
398 517
398 525
400 421
400 432
400 444
400 484
400 556
400 580
402 425
402 513
402 515
403 510
404 428
404 452
404 542
408 440
408 444
408 479
408 493
409 487
409 536
410 463
412 422
412 423
412 430
412 517
412 523
414 581
414 658
414 666
414 667
414 673
415 520
415 563
416 537
417 506
420 439
420 506
420 556
420 569
421 444
421 570
422 460
422 614
422 654
423 475
423 503
423 614
424 509
425 477
426 513
426 531
428 432
428 482
428 591
428 604
428 606
428 1408
428 1446
429 531
429 539
430 456
431 440
431 472
431 487
431 503
431 606
432 482
436 461
436 478
436 497
436 507
436 513
437 463
438 461
438 591
439 442
439 542
442 563
444 449
444 523
445 493
446 491
446 517
449 504
452 510
455 506
456 484
456 511
456 566
457 477
460 535
460 535
460 558
461 527
464 552
465 475
465 483
465 542
465 561
465 567
465 569
469 563
471 569
474 481
475 561
475 641
475 651
475 1237
475 1844
479 483
479 503
479 545
482 565
483 559
483 591
483 1001
483 1320
483 1332
483 1382
483 1490
483 1616
483 1732
483 1751
483 1766
483 1773
484 514
484 637
484 651
486 551
492 580
496 507
497 513
497 523
497 570
503 567
504 528
506 507
506 545
507 510
507 515
513 559
513 580
513 591
516 563
517 525
517 936
517 1179
517 1320
519 548
525 548
526 1620
527 542
528 553
531 546
531 570
538 1408
538 1565
543 545
547 557
559 561
566 1574
567 580
573 605
573 636
575 654
580 637
580 1113
580 1349
580 1565
580 1606
582 640
582 670
583 659
583 662
584 618
591 606
591 646
591 683
592 598
592 621
595 643
595 670
596 1322
596 1412
596 1828
598 680
599 615
599 632
603 677
603 684
604 637
606 1444
606 1766
606 1767
609 644
611 653
612 678
614 669
618 619
622 684
623 636
625 644
629 630
631 679
632 658
633 666
634 645
634 645
634 645
637 641
637 645
637 1313
637 1429
651 936
651 1080
651 1318
651 1320
653 680
654 685
658 670
659 681
686 701
686 709
686 760
686 778
686 781
686 793
686 802
686 805
686 828
686 839
686 841
686 847
687 703
687 807
688 766
688 772
689 714
694 760
694 773
695 734
695 734
695 784
695 829
697 731
697 834
697 840
698 708
698 805
698 865
698 874
698 889
703 719
703 759
703 765
705 719
705 760
705 773
705 831
705 843
708 713
708 869
712 736
713 721
713 734
713 745
713 777
714 822
716 797
718 814
719 781
719 848
720 781
720 793
723 849
727 766
727 842
728 779
728 823
737 820
738 781
738 829
739 787
741 800
745 752
745 817
751 795
752 784
752 829
760 781
760 805
763 836
766 820
767 796
768 816
771 818
772 805
773 836
774 805
774 811
776 872
776 873
776 874
777 829
778 819
780 803
780 828
781 830
783 793
783 809
784 795
785 846
793 849
797 809
799 813
805 837
807 838
807 843
818 822
820 849
824 849
826 828
827 842
828 835
834 842
856 863
862 3677
864 884
865 868
866 879
867 874
896 902
896 975
896 1009
896 1204
896 1273
896 1277
897 1084
897 1612
897 1805
898 1742
898 1786
898 1786
900 1825
901 1186
902 975
902 1129
902 1277
902 1279
902 1438
902 1573
903 1216
903 1798
906 1242
906 1344
906 1344
906 1652
906 1659
906 1891
908 1203
908 1274
909 1788
912 1536
912 1536
913 1173
913 1497
913 1703
914 1882
915 1636
916 946
916 960
916 966
916 1153
916 1222
916 1524
916 1750
916 1809
916 1849
917 984
917 1158
917 1703
917 1785
921 927
921 1124
921 1377
921 1557
921 1718
921 1823
922 1312
922 1909
923 1178
924 1275
924 1549
925 927
925 1302
925 1365
925 1600
925 1612
925 1730
925 1861
925 1891
926 1722
927 1146
927 1265
927 1563
928 1061
929 1505
930 1155
930 1625
932 980
932 995
932 1191
932 1440
932 1734
932 1845
933 1103
933 1502
933 1706
934 1391
934 1597
934 1612
934 1768
934 1835
934 1888
936 1767
937 1264
938 1378
938 1424
939 1342
941 1273
942 1638
942 1820
943 1168
943 1236
944 977
944 1428
944 1428
944 1709
946 966
946 991
946 1132
946 1146
946 1485
946 1662
947 1185
947 1416
947 1608
947 1835
949 1052
949 1472
950 1410
951 1523
952 1149
952 1352
952 1431
952 1431
952 1467
952 1612
952 1662
952 1752
952 1793
953 1040
953 1156
953 1160
953 1230
953 1238
953 1471
953 1613
953 1619
953 1662
953 1800
953 1888
954 1273
954 1282
954 1303
954 1751
954 1783
957 1231
957 1286
957 1315
957 1432
957 1550
957 1550
958 1533
959 1483
960 966
960 1069
960 1211
960 1449
960 1571
960 1603
960 1665
961 1088
962 1095
962 1142
963 1232
963 1747
964 1667
964 1876
965 1052
966 978
966 1101
966 1219
966 1330
966 1559
966 1816
966 1868
967 1485
967 1659
967 1791
967 1835
968 1364
968 1444
968 1807
969 1824
970 1511
970 1825
971 1591
973 1150
973 1561
973 1863
975 981
975 1227
975 1479
976 1679
976 1679
977 1041
977 1748
978 1132
978 1199
978 1329
978 1399
978 1626
980 1199
980 1559
980 1902
981 1857
981 1899
982 1153
982 1302
982 1346
982 1370
982 1390
982 1456
982 1491
982 1736
983 1289
988 1438
988 1596
988 1628
989 1583
989 1680
992 1378
992 1548
993 1184
993 1269
993 1287
993 1329
993 1377
993 1584
993 1796
993 1799
993 1864
994 1459
995 1280
995 1377
995 1826
995 1861
997 1024
997 1101
997 1124
997 1741
997 1768
997 1902
998 1537
999 1532
999 1584
999 1603
1000 1228
1001 1374
1003 1075
1003 1191
1003 1255
1003 1539
1003 1540
1003 1724
1003 1789
1004 1437
1004 1467
1004 1721
1004 1800
1004 1877
1005 1415
1006 1059
1006 1288
1006 1488
1006 1604
1006 1612
1006 1746
1006 1826
1006 1849
1006 1888
1008 1357
1008 1911
1009 1227
1009 1786
1010 1070
1010 1275
1011 1189
1011 1258
1012 1436
1014 1067
1014 1099
1014 1102
1014 1706
1014 1725
1014 1907
1015 1636
1017 1181
1017 1187
1017 1199
1017 1632
1017 1665
1017 1839
1017 1842
1018 1148
1018 1286
1018 1303
1018 1495
1019 1067
1019 1115
1020 1316
1020 1373
1020 1475
1020 1828
1021 1448
1021 1720
1024 1707
1024 1863
1025 1464
1025 1897
1026 1048
1026 1175
1026 1391
1026 1431
1026 1768
1026 1827
1028 1761
1029 1160
1029 1551
1029 1553
1029 1663
1032 1742
1032 1820
1033 1511
1035 1221
1036 1067
1036 1298
1036 1655
1036 1872
1037 1650
1037 1727
1039 1040
1039 1809
1039 1832
1040 1736
1040 1823
1041 1109
1044 1279
1044 1279
1044 1279
1045 1368
1047 1290
1047 1520
1047 1861
1047 1861
1048 1265
1048 1329
1048 1409
1048 1553
1048 1688
1048 1791
1049 1230
1049 1242
1049 1278
1049 1390
1049 1528
1050 1266
1051 1338
1051 1738
1051 1738
1052 1225
1052 1247
1054 1344
1054 1390
1054 1689
1054 1746
1056 1377
1056 1551
1056 1805
1057 1607
1058 1171
1059 1107
1059 1180
1059 1250
1059 1290
1059 1344
1059 1467
1059 1789
1059 1804
1060 1229
1060 1229
1061 1494
1061 1687
1062 1183
1062 1696
1063 1083
1063 1288
1064 1094
1064 1202
1066 1282
1067 1379
1068 1163
1068 1365
1070 1188
1070 1531
1070 1536
1070 1828
1070 1904
1072 1259
1074 1465
1075 1539
1075 1621
1076 1079
1076 1416
1076 1451
1076 1520
1076 1532
1076 1621
1076 1717
1076 1877
1078 1409
1078 1431
1078 1467
1078 1669
1078 1669
1078 1735
1078 1752
1078 1823
1078 1826
1079 1117
1079 1185
1079 1278
1079 1367
1079 1532
1079 1547
1079 1551
1079 1683
1079 1810
1080 1763
1080 1767
1081 1824
1082 1192
1082 1628
1083 1086
1083 1163
1083 1199
1083 1449
1083 1471
1083 1488
1083 1833
1084 1722
1085 1165
1085 1360
1085 1847
1085 3556
1085 3609
1085 3750
1086 1101
1086 1164
1086 1164
1086 1329
1086 1427
1086 1427
1086 1429
1086 1488
1086 1598
1086 1604
1086 1736
1086 1813
1087 1317
1091 1472
1094 1831
1095 1113
1097 1452
1098 1165
1099 1282
1099 1508
1099 1515
1099 1783
1100 1647
1101 1329
1101 1335
1101 1613
1101 1746
1102 1309
1102 1894
1104 1115
1104 1292
1104 1638
1104 1680
1104 1691
1107 1269
1107 1341
1107 1391
1107 1437
1107 1456
1107 1467
1107 1467
1107 1723
1107 1879
1108 1235
1108 1406
1108 1786
1110 1250
1110 1250
1110 1819
1110 1864
1112 1620
1112 1688
1113 1210
1113 1695
1113 1695
1113 1881
1115 1192
1115 1235
1115 1284
1117 1211
1117 1339
1117 1622
1117 1707
1117 1793
1117 1813
1118 1452
1120 1129
1120 1459
1120 1781
1120 1862
1121 1259
1121 1507
1121 1847
1122 1349
1122 1514
1122 1882
1123 1256
1123 1485
1124 1361
1124 1609
1124 1736
1125 1191
1125 1302
1126 1330
1126 1361
1126 1375
1126 1439
1126 1456
1126 1516
1126 1612
1126 1614
1126 1678
1126 1754
1126 1765
1129 1192
1129 1350
1129 1655
1129 1841
1130 1449
1130 1800
1132 1222
1132 1554
1135 1509
1135 1584
1135 1603
1137 1892
1139 1259
1139 1259
1139 1504
1143 1215
1146 1160
1146 1172
1146 1467
1146 1554
1146 1683
1146 1796
1149 1327
1149 1554
1149 1663
1149 1791
1150 1321
1150 1911
1153 1163
1153 1447
1153 1598
1153 1845
1155 1767
1156 1520
1156 1520
1156 1563
1156 1603
1156 1619
1156 1707
1156 1800
1157 1501
1158 1215
1158 1235
1158 1277
1158 1277
1158 1277
1159 1227
1159 1828
1160 1388
1160 1662
1160 1826
1160 1826
1161 1321
1161 1518
1163 1305
1163 1380
1163 1589
1163 1789
1164 1329
1165 1182
1165 1719
1166 1366
1166 1894
1167 1260
1167 1569
1167 1686
1169 1529
1170 1213
1170 1500
1171 1387
1172 1238
1172 1331
1172 1351
1173 1330
1173 1388
1173 1609
1173 1688
1175 1201
1175 1570
1175 1620
1175 1622
1175 1724
1175 1863
1175 1891
1177 1499
1179 1673
1179 1882
1180 1331
1180 1868
1180 1879
1181 1185
1181 1600
1182 1391
1182 1539
1182 1617
1184 1242
1184 1416
1184 1584
1184 1717
1184 1845
1184 1877
1185 1219
1185 1293
1185 1312
1185 1456
1185 1597
1185 1823
1186 1837
1187 1511
1187 1511
1188 1472
1189 1338
1189 1507
1190 1231
1190 1426
1190 1715
1191 1331
1191 1447
1191 1643
1191 1663
1192 1462
1192 1628
1192 1862
1193 1585
1196 1197
1197 1368
1198 1361
1198 1589
1198 1613
1198 1652
1198 1663
1198 1757
1199 1330
1199 1488
1199 1557
1199 1665
1199 1675
1199 1714
1199 1737
1199 1804
1199 1823
1200 1574
1201 1280
1201 1535
1201 1580
1201 1835
1204 1764
1204 1894
1205 1391
1205 1488
1205 1584
1205 1608
1205 1714
1205 1861
1207 1288
1207 1370
1207 1598
1207 1800
1207 1816
1207 1886
1209 1750
1209 1796
1210 1226
1210 1744
1211 1243
1211 1376
1211 1376
1211 1662
1211 1662
1211 1746
1211 1746
1211 1799
1211 1842
1212 1671
1214 1341
1214 1437
1214 1539
1214 1793
1214 1804
1214 1911
1215 1495
1215 1706
1215 1742
1216 1363
1217 1364
1217 1366
1218 1403
1219 1509
1219 1547
1219 1665
1219 1793
1220 1331
1221 1315
1221 1529
1221 1785
1222 1389
1222 1551
1222 1563
1222 1608
1222 1753
1222 1881
1223 1794
1225 1299
1225 1500
1226 1681
1227 1277
1227 1841
1229 1859
1230 1813
1230 1845
1231 1322
1231 1591
1234 1343
1234 1910
1235 1277
1235 1292
1235 1381
1235 1392
1236 1304
1236 1355
1236 1634
1236 1906
1236 1906
1237 1833
1238 1271
1238 1331
1238 1517
1238 1522
1238 1584
1238 1668
1241 1686
1242 1416
1243 1329
1243 1662
1243 1753
1243 1761
1243 1861
1244 1781
1245 1848
1246 1418
1246 1807
1250 1547
1250 1724
1250 1757
1250 1833
1255 1639
1255 1662
1256 1388
1256 1458
1256 1516
1256 1524
1256 1804
1256 1832
1257 1345
1258 1709
1258 1815
1259 1504
1259 1507
1260 1634
1261 1316
1261 1396
1265 1811
1267 1723
1267 1746
1269 1675
1271 1391
1271 1456
1271 1457
1271 1833
1272 1367
1272 1485
1272 1685
1272 1799
1273 1515
1273 1742
1274 1567
1274 1656
1275 1828
1277 1611
1277 1859
1278 1827
1279 1462
1279 1715
1279 1716
1280 1409
1280 1447
1280 1741
1280 1868
1280 1902
1281 1893
1283 1411
1283 1477
1283 1858
1284 1720
1284 1899
1285 1471
1287 1712
1288 1665
1288 1888
1289 1483
1289 1530
1289 1617
1289 1736
1289 1795
1289 1804
1289 1879
1290 1365
1290 1393
1290 1460
1290 1700
1290 1721
1290 1730
1290 1827
1291 1335
1291 1589
1291 1842
1292 1596
1293 1621
1293 1707
1293 1730
1296 1831
1298 1426
1298 1862
1299 1876
1299 1876
1300 1645
1302 1305
1302 1603
1302 1621
1302 1886
1304 1536
1305 1584
1305 1617
1305 1735
1305 1769
1306 1338
1306 1738
1307 1825
1308 1366
1308 1366
1309 1661
1309 1893
1310 1536
1310 1686
1311 1549
1311 1630
1312 1405
1312 1590
1312 1590
1312 1613
1315 1459
1315 1573
1315 1680
1315 1857
1318 1320
1319 1378
1319 1548
1319 1548
1319 1568
1319 1601
1320 1425
1320 1574
1320 1844
1322 1423
1323 1377
1323 1570
1323 1610
1325 1360
1325 1708
1327 1561
1327 1702
1329 1352
1329 1409
1329 1471
1329 1557
1330 1483
1330 1488
1330 1663
1330 1800
1330 1823
1331 1393
1331 1399
1331 1420
1331 1471
1331 1483
1331 1613
1331 1617
1331 1816
1331 1888
1331 1902
1332 1543
1332 1606
1332 1763
1332 1844
1333 1548
1334 1753
1335 1341
1335 1351
1335 1377
1335 1393
1335 1456
1335 1530
1335 1557
1335 1580
1335 1612
1335 1721
1336 1580
1337 1865
1338 1355
1338 1472
1338 1504
1339 1375
1339 1589
1339 1652
1339 1789
1339 1867
1340 1620
1340 1717
1340 1750
1340 1819
1341 1399
1341 1712
1341 1800
1343 1436
1343 1525
1343 1910
1345 1350
1345 1592
1345 1716
1349 1645
1350 1550
1351 1367
1351 1821
1352 1447
1352 1456
1352 1485
1352 1730
1356 1566
1358 1446
1359 1447
1359 1488
1361 1520
1361 1668
1361 1722
1361 1800
1364 1540
1365 1420
1365 1530
1366 1373
1366 1525
1367 1416
1367 1420
1367 1663
1367 1663
1367 1717
1367 1730
1370 1390
1370 1447
1370 1714
1370 1849
1370 1849
1373 1382
1374 1767
1375 1612
1375 1612
1375 1735
1375 1799
1375 1888
1376 1460
1376 1557
1376 1559
1376 1707
1377 1389
1377 1420
1377 1551
1377 1600
1377 1612
1377 1717
1377 1816
1377 1823
1378 1468
1378 1468
1378 1892
1379 1899
1380 1399
1380 1399
1380 1816
1382 1583
1382 1894
1388 1483
1388 1663
1388 1809
1388 1888
1389 1559
1389 1609
1389 1610
1390 1584
1390 1617
1391 1470
1391 1570
1391 1621
1391 1621
1391 1665
1391 1668
1391 1717
1391 1886
1396 1812
1396 1893
1398 1480
1399 1447
1399 1839
1399 1849
1399 1902
1401 1603
1401 1603
1401 1823
1402 1757
1402 1900
1404 1479
1404 1628
1405 3233
1407 1551
1407 1557
1409 1563
1409 1605
1409 1620
1409 1839
1409 1898
1411 1450
1412 1830
1413 1655
1413 1680
1413 1875
1414 1716
1414 1872
1415 1906
1416 1516
1416 1613
1416 1688
1416 1717
1416 1730
1416 1746
1419 1758
1419 2813
1420 1491
1420 1603
1420 1665
1420 1846
1423 1502
1424 1733
1424 1787
1425 1801
1426 1591
1426 1682
1426 1857
1429 1649
1431 1457
1431 1491
1431 1603
1431 1675
1431 1683
1431 1737
1431 1768
1431 1804
1431 1905
1433 1866
1435 1746
1436 1620
1437 1909
1437 1911
1439 1589
1440 1718
1440 1863
1440 1883
1440 1883
1443 1531
1445 1505
1446 1766
1447 1458
1447 1597
1447 1712
1447 1902
1449 1735
1450 1534
1450 3278
1451 1742
1456 1457
1456 1622
1456 1761
1456 1772
1456 1809
1459 1576
1459 1848
1462 1475
1462 1576
1464 1660
1465 1483
1465 2198
1465 2279
1465 2491
1465 2547
1467 1769
1467 1839
1467 1846
1468 1733
1469 1667
1469 1672
1469 1739
1469 1904
1471 1604
1471 1793
1471 1826
1471 1849
1471 1909
1472 1482
1472 1624
1472 1630
1473 1574
1473 1699
1473 1709
1475 1649
1475 1862
1476 1527
1477 1505
1479 1680
1480 1600
1480 1614
1482 1650
1482 1904
1483 1571
1483 1707
1485 1637
1485 1827
1487 1497
1487 1675
1487 1794
1487 1794
1487 1844
1487 1881
1488 1782
1488 1793
1488 1826
1491 1572
1491 1644
1491 1789
1491 1823
1494 1567
1495 1715
1495 1871
1496 1536
1496 1541
1500 1504
1503 1894
1504 1815
1505 1674
1505 1684
1505 1701
1505 2734
1505 2760
1505 3019
1505 3168
1505 3386
1509 1608
1509 1621
1511 1687
1511 1825
1513 1622
1514 1694
1515 1636
1516 1520
1519 1528
1519 1620
1520 1551
1520 1662
1520 1746
1520 1877
1522 1663
1522 1669
1522 1685
1522 1718
1522 1718
1522 1718
1524 1623
1524 1800
1525 1703
1525 1709
1525 1781
1527 1674
1528 1613
1528 1722
1528 1753
1528 1768
1530 1559
1530 1754
1531 1543
1531 1743
1532 1623
1532 1888
1535 1551
1535 1559
1535 1898
1536 1574
1536 1906
1538 1556
1538 1623
1539 1632
1540 1584
1540 1813
1542 1717
1544 1585
1547 1714
1547 1868
1548 1747
1549 1695
1551 1689
1551 1730
1551 1809
1552 1858
1553 1579
1554 1613
1554 1663
1554 1683
1554 1800
1555 1561
1555 1567
1556 1757
1557 1621
1557 1689
1557 1717
1557 1789
1559 1669
1565 1660
1565 1844
1567 1705
1568 1601
1568 1880
1569 1709
1569 1783
1569 1862
1570 1637
1570 1861
1571 1823
1571 1849
1572 1688
1573 1583
1573 1587
1573 1596
1574 1773
1576 1655
1577 2072
1577 2087
1577 2111
1577 2144
1577 2153
1577 2298
1577 2328
1577 2384
1577 2608
1580 1610
1580 1861
1580 1902
1582 1820
1583 1691
1584 1598
1584 1736
1584 1750
1589 1610
1589 1613
1589 1637
1589 1722
1589 1810
1589 1816
1589 1839
1590 1637
1595 1783
1597 1683
1597 1752
1598 1794
1598 1833
1600 1612
1602 1695
1603 1612
1603 1621
1603 1750
1603 1753
1603 1800
1603 1845
1604 1605
1604 1620
1604 1730
1604 1888
1605 1722
1608 1617
1609 1813
1610 1619
1610 1675
1610 1772
1611 1903
1612 1619
1612 1669
1612 1685
1612 1707
1612 1851
1612 1891
1613 1665
1613 1668
1613 1689
1613 1717
1613 1813
1613 1842
1613 1842
1614 1768
1614 1886
1616 1692
1617 1643
1617 1707
1617 1750
1618 1877
1619 1662
1619 1879
1619 1888
1620 1646
1620 1683
1620 1888
1621 1622
1621 1637
1621 1735
1621 1750
1621 1757
1621 1842
1622 1761
1622 1796
1623 1659
1623 1683
1623 1721
1623 1737
1625 1763
1626 1718
1626 1800
1628 1691
1628 1857
1630 1781
1636 1742
1639 1791
1643 1675
1652 1737
1652 1810
1653 1717
1656 1666
1656 1684
1657 1808
1661 1706
1663 1723
1663 1723
1663 1816
1663 1833
1663 1867
1663 1898
1666 1792
1668 1707
1668 1736
1669 1800
1672 1725
1674 1758
1675 1735
1675 1768
1675 1885
1675 1902
1676 1705
1676 1825
1677 1763
1683 1888
1684 2687
1684 2719
1684 2724
1684 2751
1684 2796
1684 2804
1684 2808
1684 2842
1684 2842
1684 2860
1684 2862
1684 2915
1684 2919
1684 2919
1684 2967
1684 2986
1684 3060
1684 3067
1684 3080
1684 3113
1684 3115
1684 3118
1684 3120
1684 3121
1684 3124
1684 3133
1684 3161
1684 3168
1684 3232
1684 3261
1684 3274
1684 3302
1684 3311
1684 3366
1685 1741
1685 1768
1689 1816
1707 1717
1707 1721
1709 1831
1712 1761
1714 1816
1714 1821
1716 1824
1716 1871
1717 1746
1717 1768
1718 1769
1718 1948
1718 2087
1718 2189
1718 2344
1718 2653
1719 1847
1721 1800
1721 1804
1721 1833
1721 1879
1723 1730
1729 1850
1729 1871
1730 1746
1730 1774
1730 1775
1730 1849
1733 1837
1737 1879
1739 1876
1746 1839
1746 1888
1750 1799
1751 1848
1753 1800
1757 1799
1757 1810
1761 1897
1763 1882
1765 1791
1765 1813
1772 1791
1780 1858
1782 1842
1783 1893
1786 1812
1789 1819
1791 1835
1791 1842
1791 1868
1793 1827
1793 1864
1794 1850
1797 1854
1799 1813
1799 1835
1800 1813
1804 1833
1804 1849
1813 1879
1827 1879
1835 1902
1841 1872
1842 1843
1867 1888
1868 1898
1868 1902
1873 1903
1881 1882
1888 1902
1899 1903
1899 1903
1912 1922
1912 1930
1912 1977
1912 1983
1912 1986
1912 2000
1912 2031
1912 2048
1912 2054
1912 2100
1912 2128
1912 2133
1912 2133
1912 2152
1912 2154
1912 2161
1912 2181
1912 2214
1912 2244
1912 2256
1912 2283
1912 2285
1912 2305
1912 2305
1912 2361
1912 2367
1912 2367
1912 2371
1912 2386
1912 2389
1912 2406
1912 2431
1912 2463
1912 2464
1912 2502
1912 2511
1912 2533
1912 2533
1912 2546
1912 2556
1912 2561
1912 2573
1912 2575
1912 2614
1912 2618
1912 2624
1912 2651
1912 2653
1914 1927
1914 1951
1914 2000
1914 2365
1915 2156
1916 2003
1916 2133
1916 2399
1916 2519
1917 1918
1917 1925
1917 1966
1917 2030
1917 2033
1917 2150
1917 2218
1917 2308
1917 2386
1917 2414
1917 2485
1918 1985
1918 2069
1918 2093
1918 2212
1918 2244
1918 2266
1918 2300
1918 2308
1918 2410
1918 2482
1918 2546
1918 2593
1918 2602
1919 1921
1919 2011
1920 2196
1920 2223
1920 2250
1920 2250
1920 2294
1920 2598
1923 2328
1923 2641
1925 2045
1925 2150
1925 2339
1925 2374
1925 2495
1925 2536
1925 2586
1925 2615
1926 1955
1926 1964
1926 2039
1926 2292
1926 2292
1926 2345
1927 1991
1927 2659
1928 2018
1929 2059
1929 2064
1929 2112
1929 2123
1929 2140
1929 2184
1929 2271
1929 2410
1929 2559
1931 1976
1932 2042
1932 2052
1933 2160
1934 2341
1935 1954
1936 2314
1936 2403
1936 2503
1938 1971
1938 1983
1938 1989
1938 2005
1938 2093
1938 2142
1938 2347
1938 2347
1938 2348
1938 2359
1938 2410
1938 2489
1938 2507
1939 1947
1939 2132
1939 2183
1939 2327
1939 2509
1940 2135
1940 2187
1940 2295
1940 2533
1941 2128
1941 2138
1941 2187
1941 2223
1941 2283
1941 2338
1941 2338
1941 2430
1941 2491
1941 2508
1941 2594
1941 2607
1941 2611
1942 2206
1943 1985
1943 2098
1943 2172
1943 2276
1943 2359
1943 2386
1943 2395
1943 2606
1943 2630
1945 1959
1945 2007
1945 2101
1945 2135
1945 2161
1945 2187
1945 2282
1945 2347
1945 2420
1945 2445
1945 2509
1945 2588
1945 2642
1946 2020
1946 2059
1946 2244
1946 2334
1946 2485
1946 2623
1947 2054
1947 2117
1947 2132
1947 2221
1947 2247
1947 2355
1947 2399
1947 2509
1948 2010
1948 2087
1948 2117
1948 2294
1948 2384
1948 2434
1948 2629
1950 2159
1951 1972
1951 2116
1951 2116
1953 2073
1953 2077
1953 2090
1953 2331
1953 2339
1953 2381
1953 2386
1953 2462
1953 2543
1953 2586
1954 2273
1954 2289
1955 2038
1955 2127
1955 2180
1955 2247
1955 2458
1955 2468
1955 2491
1955 2616
1957 2006
1958 2585
1958 2640
1959 2007
1959 2133
1959 2187
1959 2203
1959 2436
1959 2572
1960 2146
1960 2361
1960 2361
1962 1966
1962 2088
1962 2090
1962 2112
1962 2229
1962 2309
1962 2418
1962 2495
1962 2521
1962 2526
1962 2554
1962 2573
1962 2615
1962 2646
1963 2124
1964 2186
1964 2236
1964 2242
1964 2310
1964 2440
1964 2440
1964 2612
1964 2618
1965 2166
1965 2325
1966 1983
1966 2064
1966 2073
1966 2376
1966 2467
1966 2506
1966 2581
1966 2607
1970 2062
1970 2155
1970 2183
1970 2389
1970 2479
1970 2603
1971 1993
1971 2086
1971 2112
1971 2140
1971 2369
1971 2619
1971 2630
1972 2001
1972 2024
1972 2435
1973 2011
1973 2225
1973 2620
1975 2035
1975 2534
1976 1991
1976 2365
1979 1986
1979 2059
1979 2404
1979 2409
1979 2564
1979 2638
1980 1998
1980 1998
1980 2364
1981 2396
1982 2280
1982 2522
1983 1985
1983 2059
1983 2140
1983 2206
1983 2218
1983 2309
1983 2395
1983 2476
1983 2602
1984 1993
1984 2090
1984 2131
1984 2213
1984 2347
1984 2354
1984 2423
1984 2468
1984 2499
1984 2563
1984 2563
1984 2611
1984 2638
1985 2045
1985 2081
1985 2118
1985 2118
1985 2210
1985 2213
1985 2324
1985 2329
1985 2359
1985 2460
1985 2499
1985 2524
1985 2532
1985 2553
1986 2033
1986 2449
1986 2619
1987 2134
1987 2194
1987 2273
1987 2372
1987 2581
1989 2188
1989 2331
1989 2381
1989 2504
1989 2593
1989 2593
1990 2503
1990 2534
1991 2027
1991 2061
1991 2225
1993 2073
1993 2142
1993 2206
1993 2253
1993 2306
1993 2323
1993 2324
1993 2370
1993 2485
1993 2526
1993 2593
1994 2071
1994 2135
1994 2191
1994 2451
1994 2629
1995 2027
1997 2043
1997 2324
1997 2326
1997 2352
1997 2574
1998 2585
1998 2627
1999 2365
1999 2633
1999 2645
1999 2647
2001 2006
2001 2012
2001 2116
2001 2157
2001 2633
2002 2010
2002 2283
2002 2463
2003 2110
2003 2199
2003 2396
2003 2434
2003 2511
2004 2016
2004 2157
2004 2417
2004 2658
2005 2266
2005 2359
2005 2370
2005 2386
2005 2554
2005 2578
2005 2602
2005 2630
2006 2284
2006 2494
2007 2032
2007 2147
2007 2345
2007 2351
2007 2351
2007 2445
2007 2451
2007 2560
2007 2604
2009 2027
2009 2159
2009 2297
2010 2149
2010 2649
2011 2284
2018 2157
2019 2058
2019 2067
2019 2499
2020 2118
2020 2257
2020 2309
2020 2324
2020 2428
2020 2507
2020 2556
2021 2244
2022 2202
2022 2284
2022 2620
2023 2129
2026 2102
2026 2125
2026 2138
2026 2414
2026 2598
2028 2176
2028 2250
2028 2475
2028 2649
2030 2059
2030 2150
2030 2172
2030 2237
2030 2374
2030 2433
2030 2464
2030 2477
2030 2564
2031 2038
2032 2289
2032 2445
2032 2472
2032 2516
2033 2063
2033 2088
2033 2109
2033 2201
2033 2266
2033 2275
2033 2520
2033 2578
2033 2593
2033 2623
2034 2321
2035 2126
2035 2366
2035 2397
2036 2610
2037 2103
2037 2108
2037 2142
2037 2172
2037 2347
2037 2427
2037 2446
2037 2489
2037 2492
2037 2520
2037 2521
2037 2536
2038 2068
2038 2125
2038 2254
2038 2419
2038 2498
2038 2543
2038 2598
2038 2610
2039 2127
2039 2183
2039 2461
2040 2386
2040 2395
2040 2407
2040 2507
2040 2546
2040 2561
2040 2600
2040 2600
2042 2133
2042 2149
2042 2187
2042 2191
2042 2223
2042 2508
2043 2190
2043 2423
2043 2428
2043 2446
2043 2539
2043 2606
2043 2619
2043 2654
2045 2098
2045 2121
2045 2271
2045 2290
2045 2489
2045 2575
2045 2604
2046 2083
2046 2266
2046 2532
2047 2049
2047 2138
2047 2250
2047 2302
2047 2310
2047 2318
2047 2325
2047 2344
2047 2419
2047 2598
2047 2637
2048 2425
2049 2089
2049 2411
2050 2647
2053 2125
2053 2187
2053 2436
2054 2189
2054 2293
2054 2398
2054 2461
2054 2479
2054 2519
2054 2594
2055 2550
2056 2218
2056 2613
2056 2613
2057 2215
2058 2586
2059 2122
2059 2122
2059 2206
2059 2206
2059 2334
2059 2578
2060 2095
2060 2115
2060 2266
2060 2507
2060 2536
2060 2624
2062 2537
2063 2074
2063 2124
2063 2131
2063 2213
2063 2418
2063 2507
2063 2551
2063 2604
2064 2069
2064 2213
2064 2216
2064 2244
2064 2369
2064 2507
2064 2624
2064 2630
2065 2462
2067 2084
2067 2449
2068 2101
2068 2101
2068 2138
2068 2187
2068 2247
2068 2282
2068 2347
2068 2367
2068 2434
2069 2093
2069 2131
2069 2244
2069 2564
2069 2586
2069 2590
2071 2148
2071 2180
2071 2254
2071 2285
2072 2161
2072 2187
2072 2203
2072 2344
2072 2653
2073 2084
2073 2165
2073 2233
2073 2386
2073 2428
2073 2460
2073 2506
2073 2546
2073 2550
2073 2615
2074 2229
2074 2339
2074 2352
2074 2551
2074 2564
2074 2575
2074 2607
2074 2646
2075 2081
2075 2333
2075 2344
2076 2255
2076 2426
2076 2513
2077 2414
2077 2446
2077 2507
2077 2601
2078 2090
2078 2104
2078 2124
2078 2188
2078 2188
2078 2240
2078 2240
2078 2244
2078 2300
2078 2386
2078 2414
2078 2464
2078 2482
2078 2499
2078 2563
2078 2575
2081 2196
2081 2274
2081 2451
2081 2491
2081 2496
2081 2594
2081 2594
2081 2652
2083 2104
2083 2142
2083 2190
2083 2299
2083 2324
2083 2564
2083 2593
2083 2607
2083 2630
2084 2220
2084 2240
2084 2288
2084 2288
2084 2324
2084 2512
2084 2552
2086 2418
2086 2446
2087 2138
2087 2194
2087 2336
2087 2516
2087 2572
2088 2165
2088 2229
2088 2309
2088 2433
2088 2469
2088 2484
2088 2575
2089 2628
2090 2118
2090 2218
2090 2229
2090 2266
2090 2339
2090 2477
2090 2561
2090 2619
2091 2129
2093 2112
2093 2172
2093 2278
2093 2287
2093 2347
2093 2383
2093 2553
2093 2575
2093 2615
2093 2646
2095 2112
2095 2142
2095 2213
2095 2309
2095 2404
2095 2410
2095 2467
2095 2520
2095 2615
2095 2625
2096 2480
2097 2192
2098 2220
2098 2266
2098 2339
2098 2352
2098 2404
2098 2500
2098 2506
2098 2542
2098 2542
2101 2183
2101 2199
2101 2328
2101 2434
2101 2458
2101 2511
2102 2148
2102 2176
2102 2183
2102 2519
2102 2567
2103 2136
2103 2179
2103 2212
2103 2253
2103 2311
2103 2469
2103 2507
2103 2546
2104 2142
2104 2395
2104 2506
2104 2590
2104 2600
2105 2126
2105 2260
2107 2145
2107 2403
2107 2570
2108 2140
2108 2275
2108 2655
2109 2165
2109 2306
2109 2408
2109 2485
2109 2526
2109 2604
2110 2111
2110 2501
2111 2151
2111 2191
2111 2390
2111 2451
2111 2501
2111 2511
2112 2257
2112 2300
2112 2306
2112 2353
2112 2376
2112 2414
2112 2504
2112 2551
2115 2154
2115 2257
2115 2409
2115 2495
2115 2520
2116 2171
2116 2365
2116 2389
2116 2633
2116 2636
2117 2191
2117 2194
2117 2294
2117 2325
2117 2372
2117 2394
2117 2525
2117 2525
2117 2557
2117 2597
2118 2124
2118 2184
2118 2206
2118 2216
2118 2253
2118 2287
2118 2331
2118 2500
2118 2549
2118 2573
2118 2619
2119 2558
2120 2129
2121 2233
2121 2275
2121 2340
2121 2370
2121 2559
2121 2624
2122 2165
2122 2179
2122 2206
2122 2300
2122 2347
2122 2348
2122 2601
2123 2233
2123 2334
2123 2428
2123 2553
2123 2575
2124 2233
2124 2276
2124 2428
2124 2484
2124 2526
2124 2550
2124 2559
2124 2600
2125 2174
2125 2203
2125 2511
2125 2516
2126 2317
2126 2412
2126 2424
2127 2279
2127 2372
2127 2445
2127 2594
2128 2368
2128 2509
2129 2342
2131 2237
2131 2348
2131 2376
2131 2468
2131 2477
2132 2324
2132 2327
2132 2509
2132 2603
2133 2246
2133 2268
2133 2273
2133 2451
2134 2194
2134 2273
2134 2463
2134 2567
2135 2180
2135 2302
2135 2333
2135 2598
2135 2653
2136 2172
2136 2370
2136 2404
2136 2507
2137 2594
2138 2151
2138 2169
2138 2187
2138 2325
2139 2229
2139 2266
2139 2460
2139 2559
2140 2150
2140 2229
2140 2244
2140 2323
2140 2340
2140 2340
2140 2408
2140 2532
2140 2542
2140 2553
2140 2590
2142 2266
2142 2407
2142 2454
2142 2506
2142 2590
2143 2239
2143 2292
2143 2294
2143 2328
2143 2582
2144 2153
2145 2211
2145 2367
2145 2610
2147 2604
2148 2241
2148 2289
2148 2295
2148 2384
2148 2472
2148 2516
2149 2183
2149 2196
2149 2294
2149 2347
2149 2491
2149 2642
2150 2323
2150 2430
2150 2499
2150 2549
2150 2575
2150 2578
2150 2586
2150 2623
2151 2224
2151 2247
2151 2267
2151 2328
2151 2463
2151 2468
2151 2510
2151 2567
2152 2405
2153 2194
2153 2199
2153 2282
2153 2420
2153 2451
2153 2547
2154 2216
2154 2257
2154 2271
2154 2329
2154 2418
2154 2423
2154 2586
2154 2604
2155 2328
2157 2447
2159 2365
2161 2259
2161 2344
2161 2396
2161 2592
2162 2238
2163 2198
2163 2643
2164 2165
2164 2462
2164 2492
2165 2172
2165 2218
2165 2220
2165 2278
2165 2352
2165 2381
2165 2410
2165 2484
2165 2607
2165 2615
2169 2302
2169 2347
2169 2368
2170 2466
2172 2271
2172 2339
2172 2363
2172 2381
2172 2520
2172 2521
2172 2578
2172 2630
2173 2314
2174 2461
2174 2508
2174 2588
2174 2612
2174 2649
2176 2267
2176 2384
2176 2592
2177 2509
2179 2216
2179 2311
2180 2283
2181 2587
2183 2451
2183 2533
2183 2567
2183 2609
2184 2266
2184 2354
2184 2392
2184 2507
2184 2593
2184 2602
2186 2211
2188 2307
2188 2369
2188 2414
2188 2477
2188 2485
2188 2526
2188 2554
2188 2578
2188 2611
2188 2654
2189 2451
2189 2588
2190 2201
2190 2229
2190 2309
2190 2392
2190 2395
2190 2601
2190 2625
2191 2315
2191 2649
2192 2364
2192 2447
2194 2224
2194 2302
2194 2332
2194 2463
2194 2608
2196 2273
2196 2302
2196 2351
2198 2246
2198 2273
2198 2336
2198 2511
2199 2289
2199 2385
2199 2643
2200 2240
2200 2307
2200 2309
2200 2446
2200 2460
2200 2506
2200 2573
2200 2624
2201 2212
2201 2410
2201 2418
2201 2526
2201 2543
2201 2551
2201 2560
2201 2586
2201 2625
2202 2585
2203 2246
2203 2268
2205 2473
2206 2240
2206 2266
2206 2278
2206 2334
2206 2339
2206 2352
2206 2395
2206 2578
2206 2602
2207 2622
2207 2622
2209 2272
2209 2480
2210 2340
2210 2551
2210 2564
2211 2318
2211 2406
2212 2340
2212 2460
2212 2573
2212 2611
2213 2237
2213 2261
2213 2290
2213 2386
2213 2542
2213 2593
2213 2606
2214 2366
2214 2367
2216 2229
2216 2233
2216 2244
2216 2244
2216 2271
2216 2381
2216 2507
2217 2439
2217 2450
2218 2308
2218 2326
2218 2359
2218 2408
2218 2520
2218 2532
2218 2560
2218 2564
2220 2275
2220 2307
2220 2500
2220 2539
2220 2543
2220 2556
2220 2615
2222 2272
2222 2328
2222 2432
2223 2224
2223 2332
2223 2491
2223 2519
2224 2510
2226 2246
2226 2366
2228 2260
2228 2361
2229 2309
2229 2334
2229 2356
2229 2370
2229 2395
2229 2521
2229 2550
2229 2553
2229 2646
2231 2371
2231 2497
2232 2547
2233 2240
2233 2278
2233 2299
2233 2329
2233 2391
2233 2430
2233 2468
2233 2539
2233 2542
2233 2549
2233 2567
2233 2638
2237 2363
2237 2520
2237 2591
2238 2341
2239 2338
2239 2588
2240 2307
2240 2309
2240 2430
2240 2495
2240 2520
2240 2520
2240 2563
2240 2601
2241 2384
2241 2434
2241 2465
2243 2282
2243 2327
2244 2299
2244 2395
2244 2489
2244 2624
2246 2289
2246 2333
2247 2328
2247 2389
2247 2389
2247 2567
2249 2332
2249 2336
2249 2558
2250 2332
2250 2555
2250 2567
2250 2588
2253 2290
2253 2290
2253 2347
2253 2428
2253 2460
2254 2491
2255 2486
2257 2290
2257 2326
2257 2339
2257 2353
2257 2409
2257 2478
2257 2553
2257 2563
2258 2329
2258 2393
2258 2478
2258 2549
2258 2564
2258 2611
2259 2473
2260 2397
2261 2423
2261 2593
2261 2654
2263 2528
2264 2368
2266 2271
2266 2326
2266 2340
2266 2446
2266 2476
2266 2539
2266 2546
2266 2574
2266 2623
2267 2458
2267 2529
2268 2292
2268 2330
2268 2330
2268 2406
2268 2417
2268 2471
2271 2276
2271 2347
2271 2500
2271 2500
2271 2549
2271 2550
2271 2553
2271 2593
2271 2655
2273 2294
2273 2351
2275 2308
2275 2602
2275 2624
2275 2655
2276 2307
2276 2408
2276 2484
2278 2369
2278 2370
2278 2532
2278 2561
2278 2600
2279 2283
2279 2293
2279 2330
2279 2472
2279 2479
2279 2555
2280 2336
2281 2535
2282 2315
2282 2347
2282 2510
2282 2582
2282 2592
2282 2598
2283 2304
2283 2355
2283 2355
2283 2491
2283 2491
2285 2305
2285 2508
2287 2311
2287 2370
2289 2322
2289 2336
2289 2417
2289 2603
2289 2642
2289 2643
2290 2348
2290 2404
2292 2333
2292 2347
2292 2425
2292 2425
2292 2581
2292 2582
2292 2642
2293 2333
2294 2368
2294 2419
2296 2498
2297 2365
2299 2630
2300 2334
2300 2423
2300 2428
2300 2542
2300 2601
2300 2602
2301 2535
2302 2338
2302 2347
2302 2465
2302 2544
2303 2476
2304 2327
2304 2377
2304 2461
2304 2509
2306 2308
2306 2348
2306 2369
2306 2395
2306 2549
2306 2561
2307 2329
2307 2369
2307 2579
2308 2323
2308 2363
2308 2542
2308 2623
2308 2630
2309 2331
2309 2348
2309 2348
2309 2381
2309 2553
2309 2575
2309 2600
2313 2439
2315 2351
2315 2533
2317 2628
2318 2642
2319 2419
2319 2496
2319 2511
2319 2616
2322 2371
2323 2347
2323 2356
2323 2391
2323 2395
2323 2573
2324 2386
2324 2392
2324 2418
2324 2428
2324 2489
2324 2550
2326 2381
2326 2386
2326 2428
2326 2559
2326 2560
2328 2384
2328 2432
2328 2510
2328 2542
2328 2555
2328 2555
2328 2594
2329 2340
2329 2359
2329 2506
2330 2510
2330 2649
2331 2354
2331 2485
2331 2574
2332 2351
2332 2384
2332 2592
2333 2498
2333 2530
2333 2653
2334 2347
2334 2433
2334 2593
2334 2601
2334 2604
2334 2619
2335 2503
2336 2472
2336 2516
2337 2378
2338 2343
2339 2433
2339 2624
2340 2348
2340 2507
2340 2564
2340 2573
2343 2516
2343 2588
2344 2451
2344 2501
2344 2588
2345 2468
2345 2594
2347 2376
2347 2398
2347 2551
2347 2560
2348 2354
2348 2385
2348 2507
2348 2646
2348 2655
2350 2363
2350 2576
2351 2377
2351 2398
2352 2542
2352 2624
2353 2543
2353 2563
2354 2395
2354 2410
2354 2492
2354 2586
2355 2461
2356 2376
2356 2433
2356 2539
2356 2630
2357 2397
2359 2590
2362 2416
2363 2430
2363 2539
2363 2543
2363 2573
2363 2646
2364 2585
2367 2394
2368 2582
2368 2642
2369 2386
2369 2395
2369 2428
2369 2433
2369 2495
2369 2542
2369 2546
2369 2604
2369 2607
2369 2654
2370 2428
2370 2482
2370 2492
2370 2550
2370 2551
2372 2398
2372 2398
2373 2412
2374 2482
2374 2500
2374 2563
2374 2624
2376 2462
2376 2468
2376 2560
2381 2484
2381 2564
2383 2391
2384 2413
2384 2533
2384 2543
2384 2642
2386 2408
2386 2408
2386 2593
2387 2429
2387 2449
2387 2532
2389 2610
2391 2600
2392 2464
2392 2482
2392 2601
2392 2601
2393 2404
2393 2499
2394 2417
2394 2547
2395 2404
2395 2410
2395 2556
2395 2625
2398 2491
2399 2466
2400 2531
2400 2610
2404 2433
2408 2489
2408 2500
2408 2539
2408 2551
2408 2602
2409 2467
2409 2601
2410 2526
2410 2578
2410 2590
2412 2656
2414 2460
2414 2495
2414 2542
2414 2546
2414 2556
2414 2574
2418 2492
2418 2492
2419 2516
2419 2610
2423 2489
2427 2478
2428 2654
2430 2469
2430 2542
2430 2543
2430 2560
2430 2593
2432 2509
2433 2574
2433 2615
2434 2501
2436 2617
2438 2568
2438 2617
2440 2628
2445 2471
2445 2510
2445 2533
2446 2468
2446 2543
2446 2553
2447 2640
2447 2658
2449 2499
2449 2512
2451 2589
2458 2555
2460 2482
2460 2579
2460 2600
2460 2625
2461 2475
2461 2512
2461 2537
2461 2543
2462 2464
2462 2526
2462 2611
2464 2556
2464 2606
2467 2520
2467 2654
2468 2526
2471 2491
2471 2508
2471 2509
2477 2504
2477 2561
2477 2575
2477 2604
2478 2624
2482 2500
2482 2521
2482 2601
2482 2607
2484 2536
2484 2586
2485 2600
2485 2638
2489 2543
2489 2600
2489 2625
2491 2537
2491 2543
2491 2598
2491 2617
2491 2643
2492 2573
2492 2590
2495 2638
2497 2534
2500 2552
2500 2590
2501 2509
2501 2537
2502 2519
2504 2507
2504 2556
2504 2624
2506 2575
2506 2600
2507 2561
2507 2586
2508 2571
2508 2649
2509 2597
2509 2629
2510 2543
2510 2592
2510 2594
2513 2622
2516 2649
2518 2602
2519 2582
2520 2611
2520 2638
2521 2543
2521 2563
2521 2601
2521 2602
2521 2646
2525 2557
2526 2549
2532 2549
2532 2586
2537 2547
2539 2574
2539 2604
2539 2619
2542 2625
2543 2582
2543 2609
2543 2642
2546 2601
2549 2590
2551 2553
2552 2600
2552 2601
2553 2573
2553 2593
2553 2638
2554 2602
2556 2625
2556 2625
2559 2611
2559 2615
2561 2604
2563 2564
2563 2615
2564 2646
2567 2653
2570 2577
2571 2597
2574 2593
2574 2607
2578 2615
2579 2611
2579 2631
2585 2620
2586 2602
2586 2619
2586 2619
2588 2629
2590 2624
2592 2617
2593 2607
2600 2638
2602 2613
2609 2653
2617 2652
2619 2631
2619 2655
2624 2655
2626 2633
2626 2633
2627 2639
2627 2648
2628 2644
2637 2642
2638 2655
2661 2869
2661 2904
2661 2973
2661 2989
2661 3146
2661 3169
2661 3302
2661 3353
2662 2753
2662 3019
2662 3346
2664 2694
2664 2777
2664 2905
2664 3184
2664 3250
2665 3020
2665 3198
2665 3248
2665 3248
2666 2698
2666 2782
2666 2866
2666 3078
2667 2762
2667 3277
2668 2772
2668 3043
2668 3279
2668 3291
2669 2679
2669 2754
2669 3000
2669 3056
2669 3056
2669 3078
2670 2699
2672 2684
2672 3280
2674 3097
2674 3192
2674 3280
2676 2867
2676 2985
2676 3364
2677 3302
2678 3222
2678 3263
2679 2915
2679 3090
2679 3174
2679 3184
2679 3257
2680 2706
2680 2743
2680 2749
2680 2911
2681 2741
2681 3387
2683 2810
2683 2874
2683 2945
2683 2993
2683 3363
2683 3433
2684 3152
2686 2871
2687 3209
2688 3205
2689 2729
2689 2754
2689 2827
2690 2787
2693 3156
2694 2754
2694 2800
2694 2897
2694 2912
2694 3078
2694 3174
2694 3339
2696 2784
2697 3246
2698 3324
2699 2959
2701 3182
2703 2972
2703 3309
2705 2969
2705 3129
2706 2940
2708 2823
2711 2779
2711 2825
2711 2921
2711 3412
2712 2778
2712 3038
2712 3277
2712 3351
2712 3415
2713 3086
2713 3106
2713 3106
2713 3344
2716 2796
2716 2828
2716 2830
2716 3013
2716 3150
2716 3397
2717 2866
2717 2897
2717 2910
2717 3226
2718 2955
2718 3115
2718 3173
2719 2793
2719 2875
2719 3345
2719 3434
2724 3295
2727 2840
2727 2840
2728 2730
2728 3171
2729 2944
2729 2956
2729 3123
2729 3293
2729 3362
2729 3363
2729 3394
2730 2801
2730 3211
2730 3255
2730 3365
2731 2738
2732 3181
2734 2923
2735 2914
2735 3140
2738 2931
2738 2953
2738 3098
2738 3257
2738 3294
2741 2916
2741 3433
2742 2765
2742 2901
2742 2991
2742 3102
2742 3115
2742 3146
2742 3160
2742 3194
2742 3206
2742 3298
2743 2896
2743 2988
2743 3036
2743 3114
2744 2772
2745 2872
2745 3139
2745 3143
2746 3363
2748 2846
2748 2901
2748 2973
2748 3313
2748 3355
2748 3360
2749 2777
2749 2839
2749 3026
2749 3363
2750 2782
2750 2839
2750 2866
2750 2985
2751 3038
2753 2936
2753 3038
2753 3082
2753 3106
2753 3154
2754 2757
2754 2867
2754 2880
2754 3065
2754 3166
2755 2912
2756 2773
2756 2773
2756 3232
2756 3362
2757 3004
2757 3304
2757 3304
2757 3417
2758 3253
2758 3253
2761 3193
2761 3324
2763 2927
2763 2948
2764 3302
2765 2849
2765 3094
2765 3146
2765 3277
2766 3025
2768 3276
2769 2978
2770 2904
2770 3265
2772 2831
2772 3075
2772 3214
2773 2994
2773 3433
2774 2817
2774 3147
2775 2845
2775 2881
2775 3062
2777 2884
2777 2944
2778 2849
2778 2875
2778 3120
2778 3306
2778 3332
2778 3335
2779 3019
2780 2939
2780 3041
2780 3101
2780 3299
2781 2894
2781 3082
2781 3100
2781 3267
2781 3288
2782 2827
2782 3078
2782 3304
2783 2955
2783 3182
2783 3198
2784 3072
2784 3150
2785 3058
2785 3067
2786 2943
2786 3014
2786 3228
2786 3293
2786 3417
2787 3101
2789 3428
2793 2849
2793 2991
2793 3101
2793 3206
2793 3239
2793 3345
2794 2966
2795 3254
2795 3353
2796 2936
2796 3101
2796 3172
2796 3261
2797 3396
2799 3218
2800 2839
2800 2925
2800 2928
2800 2974
2800 2988
2800 3044
2802 3419
2804 2836
2804 3327
2805 3028
2806 2880
2806 2920
2807 3231
2812 2818
2812 2843
2815 2912
2815 2943
2818 3353
2821 3135
2823 3079
2823 3258
2823 3262
2823 3320
2823 3378
2827 2916
2827 2920
2827 2966
2828 2875
2828 2875
2828 2901
2828 3252
2828 3320
2828 3350
2829 3356
2830 3346
2831 2996
2832 2901
2832 3017
2832 3027
2833 2849
2833 2869
2833 2937
2833 3021
2833 3051
2833 3101
2833 3201
2834 3318
2835 2862
2836 3221
2839 2925
2839 2985
2839 3414
2843 3087
2843 3087
2843 3196
2843 3256
2843 3264
2844 2871
2845 3298
2847 3162
2847 3255
2849 3240
2850 2877
2850 2905
2850 2910
2850 2910
2850 2943
2852 3096
2853 3116
2853 3320
2853 3351
2854 2864
2854 2969
2854 3414
2856 2979
2858 3275
2858 3327
2859 3365
2862 2944
2862 2969
2862 2994
2862 3014
2862 3119
2863 3280
2864 3065
2864 3108
2865 2979
2865 3385
2866 2906
2866 3149
2867 2907
2867 2920
2867 3174
2867 3363
2869 3101
2869 3101
2869 3201
2869 3277
2869 3280
2869 3330
2871 3331
2872 2913
2872 3054
2872 3084
2873 3090
2874 3119
2875 3043
2876 3272
2876 3306
2877 2919
2877 2929
2877 2986
2878 3144
2879 2889
2880 2966
2886 3322
2887 3052
2890 2906
2890 3078
2890 3293
2890 3348
2891 2913
2891 2966
2892 2934
2892 3285
2894 3172
2894 3332
2896 3073
2897 2966
2897 3004
2897 3033
2897 3064
2899 3229
2900 3207
2901 2939
2901 3106
2901 3252
2901 3351
2904 3049
2904 3152
2904 3215
2904 3267
2905 3026
2905 3033
2905 3384
2906 2929
2906 2977
2906 3000
2907 2943
2909 2911
2909 2940
2909 2986
2909 3047
2909 3384
2910 3220
2910 3433
2911 2966
2911 3065
2912 2919
2912 2966
2912 3348
2913 3026
2913 3096
2914 3154
2914 3188
2915 2931
2915 3384
2916 3117
2916 3226
2917 3065
2919 2920
2919 2997
2919 3426
2920 2928
2920 2944
2920 3304
2920 3324
2921 3263
2924 2956
2924 2988
2924 3433
2925 2966
2925 3033
2925 3304
2925 3304
2927 2928
2927 2985
2927 3000
2927 3036
2928 2960
2928 2977
2928 3417
2931 3098
2931 3137
2931 3362
2936 3344
2936 3403
2937 2995
2937 3076
2938 2964
2939 2970
2939 2973
2939 3267
2940 3238
2940 3417
2943 2944
2943 2974
2943 3426
2944 3004
2944 3023
2944 3073
2944 3104
2944 3129
2944 3394
2946 3054
2948 3065
2949 3020
2950 3035
2950 3075
2950 3258
2951 3034
2951 3103
2951 3253
2951 3253
2951 3313
2951 3330
2951 3360
2951 3360
2951 3410
2955 3346
2956 2994
2956 3104
2956 3104
2956 3114
2956 3426
2958 3079
2958 3302
2958 3327
2959 3008
2960 3065
2960 3153
2962 3295
2962 3373
2962 3373
2963 3042
2967 3303
2968 3343
2969 3108
2969 3426
2970 3316
2973 3051
2973 3223
2974 3073
2974 3158
2976 3280
2976 3291
2978 3090
2978 3430
2984 3107
2986 3064
2986 3078
2986 3085
2987 3084
2987 3104
2988 2994
2990 3207
2991 3051
2991 3320
2992 3252
2992 3320
2993 3047
2996 3342
2999 3128
2999 3222
3000 3104
3001 3245
3002 3082
3002 3087
3002 3186
3002 3329
3002 3329
3005 3010
3005 3118
3007 3420
3010 3390
3011 3019
3011 3061
3012 3155
3017 3111
3017 3198
3017 3225
3017 3422
3018 3419
3019 3176
3019 3356
3019 3359
3021 3280
3021 3397
3022 3098
3022 3339
3023 3184
3024 3160
3026 3324
3027 3051
3027 3136
3027 3341
3032 3167
3033 3098
3034 3089
3035 3115
3035 3239
3036 3363
3038 3089
3038 3198
3038 3421
3040 3362
3041 3046
3042 3426
3046 3146
3046 3319
3048 3276
3051 3116
3051 3198
3053 3122
3054 3226
3055 3127
3056 3096
3056 3286
3056 3387
3060 3079
3060 3199
3060 3201
3060 3320
3060 3332
3060 3403
3063 3072
3065 3184
3070 3152
3070 3206
3072 3192
3073 3220
3074 3147
3076 3082
3076 3274
3078 3232
3078 3348
3082 3198
3083 3128
3084 3238
3084 3293
3084 3387
3084 3387
3084 3433
3087 3369
3087 3404
3090 3229
3090 3384
3090 3417
3094 3267
3095 3143
3095 3392
3095 3392
3097 3275
3097 3360
3101 3182
3101 3297
3101 3320
3101 3355
3101 3397
3102 3201
3102 3297
3104 3243
3104 3390
3105 3251
3106 3224
3107 3337
3107 3340
3111 3224
3111 3261
3115 3201
3115 3396
3115 3434
3116 3120
3116 3148
3116 3265
3116 3351
3119 3257
3128 3322
3129 3226
3135 3220
3137 3387
3140 3154
3140 3214
3140 3379
3144 3360
3145 3385
3145 3396
3145 3403
3145 3422
3146 3239
3146 3265
3150 3179
3150 3188
3150 3291
3152 3347
3154 3397
3156 3255
3160 3240
3162 3415
3169 3297
3169 3335
3172 3258
3172 3274
3172 3396
3176 3285
3178 3295
3178 3415
3180 3372
3182 3297
3184 3226
3185 3198
3187 3249
3188 3253
3190 3341
3191 3233
3191 3291
3191 3344
3191 3412
3195 3426
3197 3216
3198 3351
3201 3350
3201 3406
3205 3343
3207 3371
3212 3299
3214 3249
3214 3337
3215 3272
3220 3363
3221 3383
3222 3263
3224 3239
3224 3330
3225 3274
3225 3403
3237 3426
3240 3319
3240 3397
3247 3291
3247 3291
3248 3313
3248 3360
3252 3265
3252 3411
3258 3291
3258 3411
3260 3386
3261 3298
3262 3332
3263 3405
3263 3406
3264 3337
3264 3358
3266 3398
3267 3378
3267 3397
3267 3416
3272 3320
3273 3346
3278 3361
3280 3360
3280 3397
3286 3417
3287 3332
3288 3291
3294 3303
3296 3302
3303 3324
3317 3394
3324 3363
3327 3424
3335 3411
3342 3419
3344 3345
3344 3416
3350 3411
3378 3381
3381 3419
3381 3434
3382 3423
3386 3403
3412 3420
3437 3449
3437 3483
3437 3483
3437 3500
3437 3507
3437 3511
3437 3541
3437 3554
3437 3660
3437 3661
3437 3672
3437 3718
3437 3761
3437 3778
3437 3785
3437 3830
3437 3864
3437 3876
3437 3893
3437 3915
3437 3919
3437 3919
3437 3946
3437 3951
3437 3970
3437 3979
3438 3480
3438 3586
3440 3797
3440 3851
3442 3553
3442 3698
3443 3460
3444 3904
3446 3624
3447 3624
3448 3475
3448 3495
3448 3545
3448 3586
3448 3633
3448 3684
3448 3830
3449 3721
3449 3756
3452 3658
3452 3877
3455 3599
3455 3740
3456 3633
3458 3569
3458 3593
3459 3564
3460 3529
3461 3559
3462 3576
3463 3794
3464 3617
3464 3764
3465 3476
3466 3761
3466 3821
3467 3830
3468 3568
3469 3829
3469 3945
3470 3778
3472 3482
3473 3538
3473 3739
3473 3819
3474 3738
3474 3764
3474 3823
3474 3829
3475 3586
3477 3565
3477 3756
3478 3791
3478 3960
3479 3898
3484 3817
3486 3509
3486 3591
3486 3793
3487 3723
3488 3514
3488 3658
3489 3665
3489 3676
3493 3903
3495 3548
3495 3697
3495 3851
3495 3962
3497 3596
3497 3926
3499 3834
3501 3841
3501 3889
3503 3672
3503 3804
3503 3838
3505 3598
3505 3840
3506 3534
3506 3620
3510 3915
3512 3577
3514 3611
3514 3635
3515 3566
3518 3938
3521 3867
3522 3930
3524 3601
3525 3573
3525 3948
3526 3559
3527 3800
3529 3634
3529 3752
3530 3925
3531 3546
3532 3956
3535 3825
3535 3881
3538 3628
3540 3563
3542 3730
3545 3674
3545 3677
3545 3730
3545 3731
3545 3734
3547 3677
3548 3661
3549 3566
3553 3722
3553 3867
3553 3936
3554 3945
3555 3810
3555 3956
3555 3956
3561 3825
3563 3667
3564 3690
3566 3780
3567 3657
3567 3857
3568 3764
3569 3591
3569 3822
3572 3705
3573 3966
3574 3596
3574 3611
3576 3800
3576 3824
3577 3828
3577 3889
3577 3943
3578 3860
3579 3759
3580 3585
3584 3900
3584 3951
3584 3973
3584 3976
3586 3797
3586 3797
3590 3666
3590 3740
3590 3867
3593 3764
3594 3649
3595 3628
3595 3657
3596 3686
3596 3841
3598 3850
3599 3802
3602 3945
3602 3945
3602 3945
3603 3756
3604 3635
3604 3640
3604 3721
3604 3830
3604 3845
3604 3913
3607 3747
3609 3692
3609 3948
3611 3804
3612 3937
3617 3931
3618 3625
3622 3719
3623 3866
3630 3738
3633 3667
3633 3667
3633 3796
3633 3828
3636 3666
3636 3713
3636 3735
3636 3735
3641 3933
3642 3828
3643 3719
3651 3841
3653 3720
3656 3683
3656 3842
3657 3743
3658 3828
3663 3977
3670 3824
3670 3858
3672 3785
3672 3797
3672 3851
3672 3851
3680 3794
3680 3794
3680 3822
3684 3692
3684 3966
3685 3698
3685 3840
3687 3884
3690 3803
3690 3803
3690 3869
3692 3693
3693 3851
3693 3971
3698 3747
3702 3800
3703 3902
3707 3838
3711 3826
3713 3728
3718 3903
3718 3924
3722 3740
3728 3835
3728 3907
3742 3861
3743 3871
3745 3949
3747 3967
3749 3789
3750 3938
3753 3778
3756 3824
3760 3948
3764 3818
3768 3945
3777 3803
3779 3979
3784 3833
3789 3807
3797 3962
3799 3932
3800 3824
3803 3821
3806 3894
3817 3831
3818 3866
3821 3931
3825 3931
3830 3831
3830 3860
3830 3886
3830 3968
3831 3968
3833 3909
3836 3899
3837 3918
3843 3927
3849 3904
3889 3938
3891 3916
3896 3976
3925 3961
3933 3967
3938 3943
3980 3992
3980 4032
3995 4023
3998 4002
4013 4023
4014 4030
4014 4038
