0 2
0 13
0 23
0 42
0 43
0 60
0 83
0 93
0 96
0 116
0 117
0 119
0 120
0 134
0 142
0 162
0 177
0 189
0 190
0 199
0 224
0 225
0 255
0 260
0 261
0 268
0 273
0 275
0 307
0 310
0 325
0 327
0 343
1 53
1 88
1 280
3 67
3 122
5 158
5 180
5 315
6 147
7 38
7 213
8 193
8 201
9 67
9 79
9 170
9 188
9 231
9 322
13 109
13 236
13 271
16 261
17 144
19 319
19 343
20 326
21 39
21 123
21 200
21 203
21 271
21 281
21 313
21 322
21 325
22 158
22 324
23 116
23 144
23 190
24 187
24 249
24 346
25 51
25 69
25 103
25 252
25 271
26 40
26 62
26 66
26 298
29 252
30 178
31 339
32 93
32 137
38 141
39 119
40 56
40 169
40 200
40 212
41 214
41 312
45 67
45 322
45 345
46 143
48 57
53 54
53 317
55 104
55 170
55 203
56 103
56 113
56 122
56 170
56 172
56 211
56 223
56 342
58 1684
59 238
59 271
60 285
60 291
62 186
62 318
62 322
63 261
64 171
64 189
65 82
67 109
67 119
67 185
72 172
72 291
75 304
79 188
80 88
81 286
82 123
84 313
85 258
85 272
85 323
86 225
88 164
88 303
89 147
91 264
92 180
92 249
94 242
95 147
98 200
98 239
98 271
101 180
101 187
101 317
101 346
102 175
103 169
104 325
105 119
106 238
107 171
107 389
107 900
107 903
107 909
107 915
107 916
107 927
107 929
107 957
107 964
107 971
107 975
107 998
107 1003
107 1009
107 1019
107 1032
107 1035
107 1039
107 1042
107 1045
107 1050
107 1064
107 1069
107 1081
107 1092
107 1093
107 1095
107 1101
107 1108
107 1112
107 1113
107 1115
107 1128
107 1150
107 1154
107 1166
107 1185
107 1190
107 1193
107 1217
107 1218
107 1220
107 1230
107 1240
107 1244
107 1252
107 1264
107 1278
107 1282
107 1287
107 1315
107 1325
107 1326
107 1328
107 1338
107 1343
107 1352
107 1379
107 1384
107 1395
107 1396
107 1398
107 1400
107 1416
107 1422
107 1435
107 1445
107 1446
107 1460
107 1488
107 1489
107 1490
107 1537
107 1541
107 1560
107 1562
107 1593
107 1596
107 1602
107 1605
107 1620
107 1635
107 1647
107 1672
107 1676
107 1689
107 1692
107 1708
107 1711
107 1712
107 1723
107 1748
107 1758
107 1795
107 1797
107 1798
107 1813
107 1834
107 1853
107 1874
107 1886
107 1895
107 1897
107 1898
107 1900
109 200
109 285
109 322
109 324
110 259
111 337
111 343
113 119
113 148
113 165
113 304
115 144
115 214
116 144
117 280
118 134
118 199
118 200
118 268
119 217
119 339
122 224
122 284
124 157
126 260
127 184
128 248
128 322
130 257
133 322
135 320
136 339
136 1998
136 2018
136 2027
136 2102
136 2133
136 2171
136 2180
136 2187
136 2199
136 2203
136 2223
136 2247
136 2378
136 2445
136 2463
136 2475
136 2510
136 2547
136 2589
136 2643
139 281
140 312
141 224
141 272
142 158
142 236
142 239
148 229
148 261
156 188
158 322
159 281
159 284
161 199
166 202
169 248
170 176
170 268
170 290
171 3003
172 203
172 239
172 325
175 296
178 322
180 299
184 329
185 285
186 341
186 345
187 194
188 200
188 290
193 259
194 196
194 346
197 281
197 309
199 200
199 252
200 280
200 285
203 211
203 268
203 270
203 313
204 302
211 238
211 265
213 246
214 333
222 238
223 315
223 325
223 342
224 236
224 271
224 276
226 326
226 333
227 278
229 334
231 332
232 271
236 276
236 303
239 276
243 337
249 302
249 304
250 252
251 281
252 280
252 304
252 324
252 334
257 322
262 312
265 298
266 330
266 346
272 297
272 320
277 304
277 311
277 322
277 324
280 329
280 332
284 309
284 329
285 315
291 329
299 300
308 338
313 314
313 342
315 324
315 345
323 332
348 354
348 355
348 356
348 375
348 399
348 416
348 432
348 444
348 464
348 480
348 481
348 486
348 495
348 503
348 511
348 517
348 523
348 532
348 534
348 539
348 541
348 549
348 555
348 560
349 434
349 478
350 419
350 528
351 454
353 430
353 432
353 496
353 513
353 544
353 580
353 641
353 1374
353 1543
353 1744
354 361
354 463
355 359
355 510
355 543
355 553
359 403
360 362
360 395
360 542
360 548
360 565
361 463
361 475
361 547
361 557
363 484
363 497
363 507
363 565
363 591
363 936
363 1113
363 1237
363 1318
364 399
366 404
366 412
366 417
366 436
366 438
366 482
366 524
366 542
366 1490
367 502
367 546
367 547
367 553
368 374
368 419
368 456
369 455
369 516
369 551
370 507
370 553
372 444
372 460
372 543
372 547
373 391
373 587
373 641
373 645
374 418
374 430
374 465
374 497
374 506
374 524
374 535
374 563
374 669
375 409
376 378
376 396
376 402
376 413
376 419
376 450
376 461
376 473
376 496
376 500
376 507
376 511
376 526
376 548
376 557
376 580
376 586
376 606
376 646
376 673
376 1358
376 1777
378 492
378 497
378 502
378 561
378 676
381 509
382 555
383 387
385 507
387 400
387 461
387 556
388 415
388 450
388 465
388 559
388 566
389 419
389 516
389 1507
389 1630
389 1770
391 423
391 438
391 483
391 492
391 514
391 517
391 556
391 563
392 404
392 431
392 475
392 492
392 527
392 537
392 553
394 438
394 538
394 601
394 614
394 620
395 436
395 463
395 465
395 483
395 488
395 525
395 559
396 422
396 510
396 548
396 557
398 456
398 488
398 536
400 420
400 465
400 492
400 511
400 517
400 542
402 413
402 425
402 438
402 482
402 497
402 506
402 561
403 452
403 470
403 519
404 456
404 465
404 482
404 483
404 494
404 500
404 511
404 538
404 556
404 560
405 428
405 531
407 433
407 455
407 528
407 543
408 430
408 526
408 545
409 419
409 521
410 557
412 428
412 442
412 503
412 565
412 683
413 460
414 480
414 483
414 496
414 513
414 566
414 567
414 584
414 586
414 600
414 614
414 631
414 635
414 642
414 646
414 651
414 654
414 657
414 662
414 667
414 673
414 675
414 681
415 460
415 465
415 495
415 545
415 558
416 465
416 569
417 492
417 538
417 556
418 465
418 497
418 514
418 523
418 557
419 440
419 492
420 513
420 524
420 563
421 465
421 504
422 489
422 553
422 636
422 644
423 425
423 444
423 465
423 484
423 553
423 556
423 558
423 560
423 587
423 604
423 683
424 509
425 460
426 544
428 514
428 524
429 522
429 529
430 439
430 484
431 482
431 483
431 525
431 545
431 561
431 563
431 683
432 510
432 527
432 561
434 478
434 580
435 459
435 551
436 465
436 478
436 484
436 488
436 507
436 580
437 467
438 511
438 546
439 523
439 527
439 542
439 544
439 570
442 563
444 449
444 488
445 473
445 492
445 560
446 487
446 491
451 556
452 463
452 507
452 510
452 519
453 468
456 524
456 553
456 563
456 566
457 459
458 490
459 486
459 516
460 506
460 542
460 553
460 560
460 563
461 475
461 513
461 525
461 561
462 487
463 489
463 500
463 570
465 524
465 614
466 504
471 513
474 481
475 481
475 483
475 559
475 1313
475 1645
475 1673
475 1767
477 516
477 563
479 517
481 504
481 522
481 539
482 525
483 484
483 492
483 514
483 526
483 527
483 538
483 962
483 1108
483 1313
483 1332
483 1490
483 1492
483 1582
483 1692
483 1706
483 1732
483 1742
483 1794
483 1820
483 1824
483 1871
483 1875
483 1893
484 500
484 525
484 526
484 560
484 566
484 606
484 913
484 1114
484 1160
484 1349
484 1514
484 1882
484 1885
487 500
488 511
489 535
492 500
492 538
492 676
493 537
493 557
493 559
494 503
494 517
494 561
496 591
497 526
497 545
497 561
500 531
500 614
503 538
503 542
503 553
503 567
504 539
504 562
506 557
507 513
507 515
507 526
507 563
508 520
510 533
510 553
510 563
511 556
512 545
512 556
513 563
513 567
513 651
513 683
514 537
515 524
515 527
515 548
515 591
517 525
517 526
517 553
517 566
517 1645
517 1870
518 554
519 531
519 557
520 527
520 563
522 529
523 570
524 561
525 527
525 567
526 1114
526 1226
526 1278
526 1393
526 1540
526 1574
526 1584
526 1600
526 1688
526 1710
526 1730
527 559
527 561
534 563
536 561
538 1080
538 1374
538 1778
542 580
543 545
543 563
553 609
553 614
553 645
556 683
558 604
559 637
561 567
561 651
563 1574
563 1688
566 567
567 590
567 604
567 646
573 630
574 584
574 616
575 589
575 592
575 612
577 650
578 635
578 640
578 675
579 589
579 630
579 664
580 656
580 1113
580 1210
580 1237
580 1332
580 1514
580 1574
580 1616
580 1677
580 1870
582 643
582 650
582 658
583 661
583 665
584 678
586 645
588 644
589 609
589 654
590 591
590 644
591 669
591 683
592 609
592 612
592 616
592 621
592 664
594 667
595 627
595 650
595 661
596 1019
596 1229
596 1828
597 619
598 618
598 654
599 615
599 632
599 635
599 659
603 612
604 676
605 626
605 653
605 654
605 678
606 917
606 1300
606 1490
606 1767
609 664
609 666
611 636
611 684
612 619
615 627
615 643
617 625
617 677
618 678
619 630
619 644
620 636
620 672
625 644
625 677
626 630
627 635
627 640
627 661
627 662
629 1850
630 653
630 664
632 665
633 636
633 666
634 645
634 647
636 680
636 685
637 968
637 1001
637 1148
637 1277
637 1332
637 1358
637 1374
637 1427
637 1536
637 1628
637 1871
641 1060
641 1235
641 1400
641 1549
644 654
647 650
649 1023
651 1320
651 1473
651 1487
651 1606
651 1645
651 1709
653 664
653 678
678 682
678 685
680 684
680 685
686 687
686 713
686 716
686 743
686 744
686 756
686 758
686 762
686 784
686 798
686 799
686 829
686 835
686 839
687 697
687 779
687 817
687 823
688 726
688 828
689 702
690 853
691 746
691 822
694 695
694 697
694 703
694 705
694 772
694 774
694 842
695 726
695 781
696 738
696 739
696 745
696 830
696 845
697 721
697 754
697 772
697 781
697 805
697 890
698 729
698 863
698 866
699 833
700 795
701 713
701 747
701 780
703 719
703 728
703 805
705 706
705 748
705 778
705 805
705 808
705 831
705 845
706 810
708 730
708 747
709 838
710 853
711 847
713 738
713 751
713 760
713 774
713 778
713 782
713 784
714 725
714 839
715 781
716 795
717 852
718 720
718 730
718 745
718 781
718 817
718 823
719 720
719 724
719 727
719 737
719 760
719 764
719 814
719 817
719 827
720 764
721 848
723 745
724 795
724 821
725 818
726 820
727 784
727 847
728 730
728 779
728 781
728 792
728 797
728 835
728 843
729 856
732 839
733 768
735 856
737 828
738 751
738 794
739 824
745 774
745 813
745 820
745 823
745 829
745 830
746 816
747 765
748 758
752 842
753 819
753 889
755 849
756 847
758 781
758 783
758 814
762 810
762 842
763 820
764 787
764 809
764 824
764 838
764 843
766 810
766 849
767 768
770 783
772 805
773 781
773 836
774 810
774 811
774 824
774 840
776 872
777 829
779 824
779 840
780 834
781 849
782 804
782 829
783 793
783 820
786 829
789 818
789 839
791 806
792 830
798 852
800 830
800 853
803 880
805 818
805 840
811 856
811 890
815 824
816 850
818 839
819 823
819 856
820 828
820 848
823 828
823 840
824 827
824 849
825 884
828 844
830 845
834 842
847 853
857 862
861 889
862 3495
872 887
874 887
876 889
877 885
879 894
881 895
896 989
896 1032
896 1060
896 1081
896 1148
896 1345
896 1392
896 1396
896 1417
896 1475
896 1495
896 1647
896 1661
896 1716
896 1732
896 1899
897 1420
897 1467
897 1519
897 1639
897 1835
898 1166
898 1824
899 1442
900 1553
901 1216
901 1314
901 1319
901 1468
901 1601
901 1798
901 1895
902 1438
902 1611
902 1872
903 1333
903 1371
905 1001
905 1658
906 1049
906 1059
906 1110
906 1377
906 1609
906 1811
907 1734
908 1274
908 1421
908 1588
908 1687
908 1698
908 1719
909 1111
913 1052
913 1497
913 1703
913 1738
915 1192
915 1671
915 1844
916 1076
916 1078
916 1163
916 1214
916 1269
916 1302
916 1330
916 1370
916 1390
916 1431
916 1456
916 1718
916 1799
916 1861
916 1900
917 933
917 942
917 1081
917 1373
917 1444
917 1481
917 1533
917 1686
917 1876
917 1894
919 1102
919 1261
919 1396
919 1661
919 1732
920 1484
920 1860
921 927
921 1049
921 1128
921 1230
921 1272
921 1290
921 1341
921 1352
921 1557
921 1584
921 1608
921 1613
921 1622
921 1730
921 1753
921 1757
921 1823
921 1833
922 1398
923 1317
924 940
924 1127
924 1355
924 1482
924 1709
924 1830
924 1906
925 946
925 978
925 999
925 1086
925 1124
925 1172
925 1180
925 1265
925 1267
925 1431
925 1584
925 1590
925 1613
925 1620
925 1675
925 1750
925 1752
925 1795
925 1804
925 1867
926 1604
927 1026
927 1609
927 1765
927 1791
927 1835
927 1846
930 1113
930 1446
930 1549
930 1671
932 1173
932 1329
932 1659
932 1813
932 1827
934 1026
934 1516
934 1522
934 1610
934 1800
935 1393
936 1122
936 1179
936 1645
937 1106
938 1319
938 1548
939 1425
939 1453
939 1497
941 1638
941 1828
942 1014
942 1032
942 1148
942 1245
942 1373
942 1595
942 1729
942 1828
942 1899
943 1225
943 1236
944 977
944 1070
944 1072
944 1159
944 1366
946 1076
946 1092
946 1125
946 1172
946 1182
946 1416
946 1431
946 1516
946 1712
946 1741
946 1750
947 1059
947 1302
947 1305
947 1471
947 1522
947 1598
947 1604
947 1750
947 1765
948 1012
948 1318
948 1320
948 1358
948 1526
948 1543
948 1625
948 1773
949 1415
949 1831
951 973
951 1325
951 1718
952 1522
952 1530
952 1662
952 1730
952 1735
952 1833
953 1156
953 1163
953 1222
953 1289
953 1447
953 1488
953 1610
953 1675
953 1730
953 1849
954 1014
954 1277
954 1281
954 1729
954 1781
954 1786
954 1830
956 1889
957 1231
957 1315
957 1345
957 1432
957 1475
957 1578
959 1205
959 1238
959 1402
959 1604
960 1130
960 1214
960 1302
960 1336
960 1390
960 1431
960 1480
960 1551
960 1559
960 1799
961 1505
962 1453
962 1549
962 1831
963 1363
963 1798
964 1469
964 1667
965 1052
966 1126
966 1163
966 1184
966 1222
966 1271
966 1336
966 1361
966 1416
966 1813
966 1826
967 1003
967 1195
967 1255
967 1334
967 1377
967 1467
967 1480
967 1563
967 1570
967 1584
967 1637
967 1685
967 1730
967 1752
967 1833
967 1835
967 1888
968 1110
968 1183
968 1536
968 1658
968 1699
968 1827
969 1824
970 1360
971 1014
971 1729
971 1871
972 1101
972 1359
974 1228
975 1279
975 1292
975 1587
975 1596
975 1682
975 1862
975 1872
975 1873
976 1677
976 1679
977 986
977 1169
977 1189
977 1260
977 1709
977 1831
978 1117
978 1323
978 1389
978 1547
978 1610
978 1623
978 1717
979 1138
980 993
980 1146
980 1209
980 1267
980 1269
980 1290
980 1331
980 1361
980 1520
980 1551
980 1675
980 1683
980 1782
980 1842
980 1891
981 1279
981 1379
981 1404
981 1862
982 1126
982 1331
982 1547
982 1589
982 1864
983 1083
983 1101
983 1793
984 1099
984 1894
988 1221
988 1279
988 1322
988 1515
989 1009
989 1044
989 1235
990 1505
990 2678
990 3245
991 1283
991 1846
992 1118
993 1006
993 1028
993 1209
993 1255
993 1269
993 1389
993 1407
993 1551
993 1590
993 1597
993 1637
993 1669
993 1683
993 1717
993 1734
993 1757
993 1823
994 1021
994 1448
994 1630
995 1084
995 1160
995 1243
995 1388
995 1460
995 1488
995 1554
995 1620
995 1826
996 1860
997 1006
997 1389
997 1480
997 1620
997 1622
997 1712
997 1868
997 1902
999 1006
999 1078
999 1431
999 1603
999 1612
999 1757
1000 1010
1001 1179
1001 1512
1001 1616
1003 1075
1003 1242
1003 1339
1003 1484
1003 1597
1003 1689
1003 1765
1004 1149
1004 1185
1004 1267
1004 1290
1004 1399
1004 1539
1004 1559
1004 1617
1004 1652
1004 1659
1004 1721
1004 1746
1004 1789
1004 1795
1004 1800
1004 1810
1004 1867
1004 1888
1006 1039
1006 1086
1006 1107
1006 1175
1006 1230
1006 1287
1006 1335
1006 1376
1006 1390
1006 1471
1006 1768
1006 1789
1006 1795
1006 1809
1006 1879
1009 1067
1009 1158
1009 1261
1009 1284
1009 1459
1010 1037
1010 1640
1010 1667
1011 1472
1012 1113
1012 1114
1012 1155
1012 1237
1012 1358
1012 1699
1012 1770
1013 1385
1013 1549
1014 1015
1014 1020
1014 1459
1014 1508
1014 1573
1014 1611
1014 1899
1015 1459
1015 1583
1015 1682
1015 1903
1017 1101
1017 1125
1017 1391
1017 1399
1017 1416
1017 1467
1017 1480
1017 1491
1017 1589
1017 1707
1017 1816
1017 1842
1018 1281
1018 1284
1018 1824
1018 1848
1018 1871
1019 1192
1019 1257
1019 1611
1019 1691
1020 1158
1020 1373
1020 1820
1020 1828
1021 1060
1021 1100
1021 1120
1021 1192
1021 1322
1021 1573
1021 1596
1021 1635
1022 1650
1023 1615
1023 1674
1024 1101
1024 1123
1024 1132
1024 1302
1024 1339
1024 1449
1024 1491
1024 1707
1024 1789
1025 1113
1025 1332
1026 1164
1026 1175
1026 1305
1026 1460
1026 1520
1026 1522
1026 1554
1026 1621
1026 1675
1028 1584
1028 1612
1028 1614
1028 1768
1029 1074
1029 1165
1029 1409
1029 1580
1029 1707
1029 1856
1029 1898
1029 1902
1030 1197
1030 1254
1032 1102
1032 1104
1032 1204
1032 1281
1032 1286
1032 1406
1032 1503
1032 1704
1032 1812
1032 1820
1033 1511
1036 1067
1036 1475
1037 1170
1037 1504
1037 1529
1037 1541
1037 1770
1037 1904
1039 1211
1039 1331
1039 1551
1039 1809
1040 1083
1040 1199
1040 1390
1040 1619
1040 1662
1040 1707
1040 1868
1040 1902
1041 1072
1041 1121
1041 1213
1041 1259
1041 1306
1041 1428
1041 1815
1041 1869
1044 1158
1044 1636
1047 1110
1047 1160
1047 1199
1047 1420
1047 1559
1047 1757
1048 1175
1048 1551
1048 1557
1048 1659
1048 1724
1048 1782
1048 1835
1049 1110
1049 1191
1049 1243
1049 1269
1049 1317
1049 1329
1049 1399
1049 1623
1049 1721
1049 1730
1049 1746
1050 1055
1050 1544
1050 1585
1051 1166
1051 1188
1051 1225
1051 1306
1051 1355
1051 1473
1051 1525
1051 1703
1051 1709
1051 1807
1051 1876
1052 1225
1052 1428
1052 1541
1052 1699
1054 1557
1054 1746
1054 1752
1055 1564
1056 1222
1056 1483
1056 1570
1056 1620
1056 1663
1056 1813
1056 1842
1058 1171
1059 1146
1059 1198
1059 1211
1059 1367
1059 1399
1059 1547
1059 1621
1059 1622
1059 1714
1059 1750
1059 1757
1059 1789
1059 1804
1059 1819
1059 1891
1060 1152
1060 1298
1060 1596
1060 1628
1061 1494
1063 1768
1064 1234
1066 1282
1066 1454
1066 1595
1066 1824
1067 1115
1067 1192
1067 1227
1067 1448
1067 1636
1067 1841
1068 1156
1068 1207
1068 1660
1068 1736
1068 1809
1068 1898
1069 1101
1069 1488
1070 1225
1070 1306
1070 1686
1070 1703
1070 1828
1070 1876
1072 1681
1074 1171
1074 1219
1074 1331
1074 1437
1074 1685
1074 1842
1074 1845
1074 1902
1075 1110
1075 1621
1075 1637
1075 1813
1075 1845
1076 1126
1076 1181
1076 1242
1076 1267
1076 1480
1076 1516
1076 1589
1076 1796
1076 1800
1077 1911
1078 1083
1078 1153
1078 1181
1078 1302
1078 1330
1078 1367
1078 1547
1078 1707
1078 1736
1078 1741
1078 1757
1078 1826
1078 1879
1079 1523
1079 1551
1079 1610
1079 1612
1079 1688
1079 1761
1079 1796
1079 1813
1079 1827
1079 1833
1079 1839
1079 1879
1080 1801
1081 1261
1081 1783
1082 1158
1082 1438
1082 1459
1082 1628
1082 1873
1083 1238
1083 1271
1083 1280
1083 1288
1083 1610
1083 1799
1083 1816
1085 1098
1085 1410
1085 1421
1085 1825
1085 1847
1085 3651
1085 3674
1085 3886
1085 3943
1086 1130
1086 1164
1086 1235
1086 1377
1086 1522
1086 1539
1086 1563
1086 1565
1086 1570
1086 1589
1086 1621
1086 1668
1086 1722
1086 1800
1086 1809
1088 1165
1088 1421
1089 1507
1089 1667
1091 1668
1091 1752
1092 1126
1092 1367
1092 1741
1095 1320
1095 1357
1095 1393
1095 1422
1095 1692
1095 1897
1097 1232
1097 1533
1097 1648
1097 1747
1097 1895
1098 1140
1098 1553
1099 1108
1099 1277
1099 1508
1099 1661
1099 1820
1100 1292
1100 1628
1100 1859
1100 1899
1101 1207
1101 1287
1101 1488
1101 1516
1101 1637
1101 1668
1101 1757
1101 1761
1101 1793
1101 1835
1101 1845
1101 1864
1101 1868
1102 1245
1102 1303
1102 1502
1102 1732
1102 1742
1102 1786
1102 1820
1102 1893
1104 1115
1104 1303
1104 1462
1104 1473
1104 1576
1104 1638
1104 1873
1106 1311
1107 1125
1107 1126
1107 1172
1107 1341
1107 1370
1107 1388
1107 1407
1107 1437
1107 1449
1107 1610
1107 1612
1107 1652
1107 1714
1107 1796
1107 1833
1107 1839
1107 1845
1107 1861
1108 1282
1108 1848
1109 1296
1109 1507
1110 1191
1110 1557
1110 1819
1111 1788
1112 1209
1112 1250
1112 1572
1112 1752
1112 1886
1113 1142
1113 1237
1113 1464
1113 1695
1113 1767
1113 1773
1114 1357
1114 1487
1114 1574
1115 1231
1115 1857
1116 1367
1116 1730
1116 1827
1117 1163
1117 1302
1117 1329
1117 1341
1117 1361
1117 1535
1117 1547
1117 1589
1117 1604
1117 1622
1117 1707
1117 1793
1117 1827
1117 1888
1117 1898
1118 1216
1118 1232
1118 1371
1118 1568
1120 1235
1120 1587
1121 1159
1121 1311
1121 1348
1121 1472
1122 1313
1122 1692
1122 1801
1122 1878
1123 1153
1123 1460
1123 1911
1124 1164
1124 1173
1124 1321
1124 1361
1124 1458
1124 1485
1124 1509
1124 1551
1124 1754
1124 1768
1124 1839
1124 1911
1125 1330
1125 1335
1125 1370
1125 1391
1125 1516
1125 1620
1125 1665
1125 1668
1125 1800
1125 1868
1125 1902
1126 1222
1126 1256
1126 1289
1126 1291
1126 1399
1126 1456
1126 1480
1126 1539
1126 1614
1126 1659
1126 1721
1126 1813
1126 1826
1126 1849
1127 1236
1127 1759
1127 1840
1128 1350
1128 1416
1128 1539
1128 1620
1128 1621
1128 1663
1128 1730
1128 1768
1128 1793
1129 1345
1129 1350
1130 1398
1130 1456
1130 1458
1130 1460
1130 1467
1130 1598
1130 1662
1130 1707
1130 1800
1131 1348
1131 1355
1132 1201
1132 1288
1132 1330
1132 1352
1132 1377
1132 1480
1132 1488
1132 1509
1132 1580
1132 1652
1132 1752
1132 1793
1132 1799
1134 1640
1135 1185
1135 1238
1135 1312
1135 1377
1135 1516
1135 1604
1135 1843
1135 1867
1136 1174
1136 1307
1136 1410
1137 1319
1137 1798
1138 1218
1139 1472
1140 1317
1141 1310
1142 1374
1142 1645
1142 1844
1144 1410
1144 1676
1146 1160
1146 1222
1146 1365
1146 1367
1146 1376
1146 1509
1146 1554
1146 1610
1146 1644
1146 1689
1146 1723
1146 1730
1146 1861
1148 1227
1148 1379
1148 1404
1148 1454
1148 1583
1148 1647
1148 1715
1148 1820
1149 1267
1149 1272
1149 1327
1149 1352
1149 1551
1149 1559
1149 1621
1149 1644
1149 1663
1149 1730
1149 1774
1149 1791
1149 1836
1150 1476
1150 1656
1150 1702
1151 1171
1153 1390
1153 1516
1153 1559
1153 1584
1153 1610
1153 1620
1153 1707
1153 1741
1153 1757
1155 1179
1155 1320
1155 1400
1155 1506
1156 1175
1156 1377
1156 1520
1156 1584
1156 1839
1158 1322
1158 1381
1158 1413
1158 1432
1158 1503
1158 1691
1158 1841
1158 1893
1159 1217
1159 1221
1159 1260
1159 1496
1159 1634
1159 1738
1160 1180
1160 1488
1160 1608
1160 1637
1160 1665
1162 1599
1162 1731
1163 1172
1163 1471
1163 1488
1163 1613
1163 1665
1163 1668
1163 1712
1163 1757
1164 1570
1164 1730
1165 1419
1165 1561
1166 1258
1166 1366
1166 1382
1166 1504
1166 1742
1166 1876
1166 1894
1167 1225
1167 1299
1167 1310
1167 1536
1168 1667
1169 1904
1170 1412
1171 1387
1171 1883
1171 1908
1172 1173
1172 1199
1172 1201
1172 1214
1172 1293
1172 1376
1172 1388
1172 1535
1172 1750
1172 1849
1173 1191
1173 1331
1173 1335
1173 1535
1173 1605
1173 1608
1173 1707
1173 1898
1174 1410
1174 1676
1175 1269
1175 1272
1175 1280
1175 1352
1175 1416
1175 1509
1175 1570
1175 1663
1175 1724
1175 1774
1175 1809
1175 1846
1177 1424
1179 1320
1180 1214
1180 1793
1181 1431
1181 1632
1181 1643
1181 1717
1181 1737
1181 1752
1181 1800
1181 1813
1181 1867
1181 1879
1181 1888
1182 1334
1182 1352
1182 1399
1182 1509
1182 1612
1182 1675
1182 1835
1183 1667
1183 1783
1183 1807
1184 1242
1184 1598
1184 1603
1184 1620
1184 1653
1184 1683
1184 1689
1184 1721
1184 1724
1184 1737
1184 1769
1184 1789
1184 1823
1184 1845
1184 1886
1185 1198
1185 1334
1185 1339
1185 1467
1185 1554
1185 1584
1185 1613
1185 1621
1185 1736
1185 1800
1185 1833
1187 1328
1187 1719
1188 1304
1188 1630
1189 1259
1189 1338
1189 1553
1189 1667
1190 1583
1190 1857
1191 1211
1191 1604
1191 1800
1191 1811
1191 1823
1191 1888
1192 1277
1192 1322
1192 1432
1192 1438
1192 1479
1192 1550
1192 1596
1192 1680
1192 1716
1192 1790
1192 1841
1193 1585
1195 1352
1195 1520
1195 1835
1195 1891
1196 1799
1197 1368
1198 1340
1198 1375
1198 1563
1198 1584
1198 1589
1198 1610
1198 1819
1198 1833
1199 1214
1199 1289
1199 1302
1199 1335
1199 1341
1199 1361
1199 1365
1199 1437
1199 1439
1199 1457
1199 1467
1199 1480
1199 1604
1199 1621
1199 1757
1199 1791
1199 1813
1199 1833
1199 1845
1199 1867
1199 1886
1199 1898
1200 1202
1201 1238
1201 1389
1201 1483
1201 1580
1201 1600
1201 1772
1201 1804
1201 1842
1201 1879
1202 1326
1203 1307
1203 1360
1203 1588
1204 1235
1204 1345
1204 1373
1204 1591
1204 1661
1204 1682
1205 1391
1205 1570
1205 1571
1205 1669
1205 1736
1205 1811
1205 1888
1207 1542
1207 1800
1209 1407
1209 1688
1209 1888
1210 1425
1210 1671
1210 1844
1211 1230
1211 1267
1211 1269
1211 1331
1211 1352
1211 1393
1211 1437
1211 1471
1211 1491
1211 1608
1211 1620
1211 1683
1211 1741
1211 1757
1212 1343
1212 1453
1212 1694
1213 1496
1214 1280
1214 1663
1214 1861
1214 1864
1214 1879
1215 1475
1215 1502
1215 1515
1215 1706
1215 1729
1215 1783
1215 1786
1215 1794
1217 1343
1217 1482
1217 1575
1219 1813
1219 1842
1221 1596
1221 1703
1221 1783
1221 1807
1221 1857
1221 1903
1221 1904
1222 1323
1222 1331
1222 1334
1222 1367
1222 1377
1222 1399
1222 1554
1222 1563
1222 1609
1222 1659
1222 1678
1222 1867
1222 1885
1223 1794
1226 1311
1226 1348
1227 1282
1227 1347
1227 1459
1227 1462
1227 1502
1227 1628
1227 1742
1229 1576
1229 1764
1230 1289
1230 1420
1230 1484
1230 1522
1230 1612
1230 1621
1230 1721
1230 1752
1230 1833
1230 1902
1231 1345
1232 1568
1235 1292
1235 1381
1235 1414
1235 1578
1235 1715
1235 1783
1236 1469
1237 1473
1238 1288
1238 1331
1238 1336
1238 1420
1238 1431
1238 1447
1238 1471
1238 1483
1238 1497
1238 1522
1238 1530
1238 1535
1238 1542
1238 1675
1238 1688
1238 1804
1238 1809
1241 1783
1242 1367
1242 1613
1242 1689
1242 1804
1242 1877
1243 1330
1243 1334
1243 1420
1243 1590
1243 1620
1243 1639
1243 1669
1243 1753
1243 1861
1244 1472
1245 1495
1246 1569
1247 1729
1249 1306
1249 1428
1250 1287
1250 1339
1250 1491
1250 1522
1250 1600
1250 1623
1250 1689
1250 1736
1250 1771
1250 1795
1250 1800
1250 1849
1250 1877
1251 1687
1255 1334
1255 1431
1255 1471
1255 1551
1255 1639
1255 1735
1256 1289
1256 1302
1256 1456
1256 1457
1256 1714
1256 1736
1256 1800
1256 1816
1257 1404
1257 1596
1257 1859
1258 1569
1258 1709
1259 1338
1259 1496
1259 1507
1259 1783
1259 1906
1260 1308
1260 1634
1260 1703
1261 1282
1261 1309
1261 1451
1261 1583
1261 1661
1261 1729
1261 1783
1261 1848
1262 1835
1265 1269
1266 1431
1267 1289
1267 1516
1267 1522
1267 1570
1267 1608
1267 1612
1267 1613
1267 1723
1267 1753
1267 1793
1268 1529
1269 1513
1269 1608
1269 1637
1269 1735
1269 1799
1270 1711
1271 1291
1271 1447
1271 1456
1271 1488
1271 1610
1271 1668
1271 1707
1271 1888
1272 1312
1272 1367
1272 1449
1272 1590
1272 1839
1272 1846
1273 1451
1273 1454
1273 1503
1273 1515
1273 1794
1273 1871
1274 1567
1274 1708
1275 1299
1275 1355
1275 1418
1275 1472
1277 1382
1277 1550
1277 1578
1277 1661
1277 1786
1277 1820
1277 1857
1278 1367
1278 1572
1279 1475
1279 1583
1279 1715
1279 1786
1280 1431
1280 1813
1281 1508
1281 1661
1281 1715
1282 1347
1282 1812
1282 1820
1283 1421
1283 1477
1283 1554
1283 1641
1283 1683
1283 1827
1283 1891
1285 1380
1285 1662
1285 1665
1285 1668
1287 1471
1287 1610
1287 1612
1287 1714
1288 1330
1288 1391
1288 1399
1288 1457
1288 1488
1288 1619
1288 1809
1288 1816
1289 1598
1289 1603
1289 1604
1289 1665
1289 1795
1289 1809
1290 1524
1290 1589
1290 1632
1290 1721
1290 1845
1291 1334
1291 1341
1291 1390
1291 1420
1291 1530
1291 1570
1291 1589
1291 1597
1291 1622
1291 1663
1291 1730
1291 1741
1291 1754
1292 1583
1292 1636
1293 1488
1293 1516
1293 1888
1295 1785
1298 1423
1298 1459
1298 1475
1298 1635
1298 1720
1298 1884
1299 1536
1302 1622
1302 1659
1302 1669
1302 1757
1302 1768
1302 1799
1302 1800
1302 1823
1303 1729
1303 1764
1303 1871
1304 1759
1304 1815
1305 1312
1305 1471
1305 1513
1305 1590
1305 1613
1305 1663
1305 1730
1305 1813
1305 1836
1306 1338
1306 1348
1307 1567
1308 1310
1308 1355
1309 1751
1309 1871
1309 1893
1310 1536
1312 1369
1312 1376
1312 1485
1312 1584
1312 1864
1313 1320
1313 1673
1313 1694
1314 1784
1315 1682
1316 1786
1316 1871
1317 1505
1317 1803
1318 1358
1318 1464
1318 1602
1318 1744
1318 1882
1319 1333
1319 1747
1320 1574
1320 1625
1322 1423
1322 1438
1322 1448
1322 1573
1322 1576
1322 1583
1323 1359
1323 1609
1323 1610
1323 1663
1323 1675
1323 1835
1323 1888
1324 1495
1324 1875
1324 1893
1324 1901
1327 1563
1327 1702
1328 1410
1329 1376
1329 1389
1329 1393
1329 1405
1329 1409
1329 1551
1329 1563
1329 1608
1329 1675
1329 1688
1329 1757
1330 1488
1330 1551
1330 1598
1330 1604
1330 1608
1330 1623
1330 1730
1330 1900
1331 1341
1331 1447
1331 1456
1331 1471
1331 1488
1331 1551
1331 1619
1331 1730
1331 1746
1331 1754
1331 1826
1331 1868
1332 1801
1333 1371
1333 1468
1333 1493
1333 1601
1333 1784
1334 1377
1334 1431
1334 1569
1334 1718
1334 1734
1334 1753
1335 1370
1335 1376
1335 1491
1335 1530
1335 1557
1335 1584
1335 1665
1335 1736
1335 1754
1335 1827
1335 1842
1335 1864
1336 1359
1336 1632
1337 1437
1337 1537
1337 1697
1338 1373
1338 1482
1338 1496
1338 1699
1338 1807
1338 1869
1338 1876
1339 1399
1339 1532
1339 1598
1339 1600
1339 1613
1339 1663
1339 1707
1339 1736
1339 1737
1340 1344
1340 1416
1340 1717
1340 1746
1340 1750
1340 1833
1341 1380
1341 1416
1341 1530
1341 1538
1341 1663
1341 1707
1341 1730
1341 1746
1341 1823
1342 1700
1343 1364
1343 1444
1343 1492
1343 1566
1343 1818
1344 1416
1344 1431
1344 1532
1344 1557
1344 1572
1344 1663
1344 1717
1345 1475
1345 1576
1345 1583
1345 1661
1345 1783
1345 1859
1345 1872
1347 1479
1347 1502
1347 1682
1349 1408
1349 1878
1350 1583
1350 1611
1351 1821
1352 1361
1352 1471
1352 1509
1352 1540
1352 1590
1352 1598
1352 1724
1352 1761
1352 1793
1352 1804
1352 1886
1352 1888
1352 1898
1354 1672
1355 1473
1355 1536
1355 1699
1356 1443
1356 1453
1357 1692
1358 1565
1358 1606
1358 1660
1358 1671
1359 1604
1359 1637
1359 1730
1359 1811
1360 1433
1360 1687
1361 1377
1361 1388
1361 1402
1361 1440
1361 1509
1361 1542
1361 1554
1361 1584
1361 1707
1361 1717
1361 1722
1361 1796
1361 1805
1362 1469
1363 1493
1364 1747
1365 1530
1365 1557
1365 1584
1365 1617
1366 1472
1366 1767
1366 1807
1367 1399
1367 1524
1367 1603
1367 1683
1367 1689
1367 1707
1367 1724
1367 1741
1367 1752
1367 1757
1367 1791
1367 1799
1367 1813
1369 1509
1369 1852
1370 1390
1370 1457
1370 1622
1370 1707
1370 1800
1370 1839
1370 1879
1371 1533
1371 1692
1373 1469
1373 1727
1373 1828
1373 1894
1374 1767
1375 1416
1375 1644
1375 1714
1375 1721
1375 1746
1375 1827
1376 1391
1376 1416
1376 1523
1376 1557
1376 1707
1376 1717
1376 1761
1377 1449
1377 1471
1377 1516
1377 1554
1377 1589
1377 1614
1377 1637
1377 1643
1377 1689
1377 1730
1377 1750
1377 1811
1377 1842
1378 1468
1380 1457
1380 1516
1380 1600
1380 1816
1381 1573
1385 1531
1385 1770
1388 1470
1388 1483
1388 1598
1388 1898
1389 1391
1389 1609
1389 1637
1390 1431
1390 1509
1390 1653
1390 1665
1390 1789
1390 1809
1390 1811
1390 1867
1391 1399
1391 1447
1391 1535
1391 1554
1391 1600
1391 1608
1391 1612
1391 1707
1391 1714
1391 1791
1391 1813
1391 1868
1392 1413
1392 1583
1393 1407
1393 1609
1396 1783
1396 1812
1396 1848
1398 1488
1398 1863
1399 1501
1399 1551
1399 1597
1399 1604
1399 1659
1399 1663
1399 1702
1399 1761
1399 1804
1399 1823
1399 1839
1399 1888
1401 1516
1402 1617
1402 1622
1402 1757
1402 1772
1404 1426
1404 1716
1405 2775
1405 3019
1407 1753
1408 1844
1409 1458
1409 1542
1409 1570
1409 1665
1409 1734
1411 1554
1411 1618
1412 1830
1413 1423
1413 1550
1413 1636
1413 1715
1413 1859
1414 1716
1415 1507
1415 1783
1416 1509
1416 1707
1416 1724
1416 1833
1416 1835
1416 1879
1417 1899
1419 1758
1420 1513
1420 1589
1420 1689
1420 1750
1420 1813
1423 1583
1423 1871
1423 1872
1425 1549
1425 1778
1425 1831
1426 1647
1426 1884
1427 1435
1427 1464
1427 1767
1427 1807
1427 1882
1428 1624
1429 1704
1429 1706
1429 1828
1430 1660
1431 1491
1431 1542
1431 1547
1431 1622
1431 1668
1431 1685
1431 1730
1432 1862
1434 1585
1434 1822
1434 1846
1435 1473
1435 1622
1435 1630
1435 1683
1435 1894
1436 1444
1437 1605
1437 1911
1438 1583
1438 1628
1438 1899
1439 1610
1439 1613
1439 1623
1440 1639
1440 1718
1440 1817
1440 1852
1445 1505
1445 1806
1446 1766
1446 1790
1447 1483
1447 1488
1447 1517
1447 1535
1447 1597
1447 1612
1447 1702
1447 1768
1447 1842
1447 1879
1448 1459
1448 1786
1448 1790
1449 1467
1449 1584
1449 1619
1449 1714
1449 1863
1450 3263
1451 1495
1451 1820
1452 1493
1452 1548
1452 1601
1452 1733
1453 1621
1453 1694
1454 1704
1454 1828
1456 1547
1456 1557
1456 1571
1456 1608
1456 1610
1456 1619
1456 1652
1456 1665
1456 1800
1456 1888
1457 1826
1457 1839
1458 1480
1458 1590
1458 1774
1458 1845
1459 1462
1459 1479
1459 1489
1459 1573
1459 1706
1459 1715
1459 1786
1459 1859
1460 1470
1460 1765
1462 1655
1463 1804
1463 1888
1464 1660
1464 1853
1465 1883
1465 1920
1465 1948
1465 2007
1465 2054
1465 2068
1465 2135
1465 2279
1465 2399
1465 2491
1465 2533
1465 2649
1467 1551
1467 1603
1467 1617
1467 1757
1467 1799
1468 1548
1468 1880
1469 1541
1469 1770
1470 1483
1470 1509
1471 1547
1471 1563
1471 1761
1471 1816
1471 1849
1471 1898
1471 1909
1472 1482
1473 1525
1473 1630
1473 1709
1475 1591
1475 1649
1478 1545
1478 1831
1479 1583
1479 1680
1479 1715
1479 1830
1479 1873
1480 1833
1480 1863
1480 1888
1482 1541
1483 1580
1483 1605
1483 1685
1483 1722
1483 1793
1485 1509
1487 1574
1487 1744
1488 1621
1488 1712
1488 1809
1488 1827
1488 1888
1489 1850
1491 1547
1491 1621
1491 1622
1491 1653
1491 1689
1491 1737
1491 1800
1491 1810
1491 1813
1491 1879
1493 1648
1494 1588
1495 1591
1496 1541
1496 1630
1497 1761
1502 1636
1502 1704
1504 1525
1504 1624
1505 1758
1505 2734
1505 3011
1505 3020
1505 3386
1507 1667
1508 1871
1508 1894
1509 1559
1509 1603
1509 1604
1509 1610
1509 1613
1509 1675
1509 1683
1509 1795
1509 1800
1512 1740
1513 1528
1513 1637
1513 1779
1513 1791
1513 1883
1514 1679
1515 1899
1516 1589
1516 1612
1516 1613
1516 1621
1516 1662
1516 1669
1516 1721
1516 1730
1516 1793
1516 1799
1516 1826
1517 1613
1517 1741
1518 1620
1519 1620
1520 1523
1520 1530
1520 1621
1520 1659
1520 1663
1520 1689
1520 1700
1520 1761
1520 1768
1520 1804
1520 1877
1522 1612
1522 1632
1522 1683
1522 1685
1522 1714
1522 1804
1522 1821
1522 1827
1522 1845
1523 1554
1523 1724
1523 1746
1523 1750
1523 1768
1524 1623
1524 1746
1525 1529
1525 1634
1525 1745
1525 1876
1526 1794
1526 1878
1527 1642
1527 1670
1527 1852
1528 1688
1528 1723
1528 1746
1528 1757
1529 1761
1530 1597
1530 1598
1530 1669
1530 1737
1530 1752
1530 1804
1530 1810
1530 1827
1530 1849
1531 1543
1532 1617
1532 1700
1532 1800
1532 1810
1534 1674
1534 1687
1534 1701
1534 2693
1535 1570
1535 1608
1536 1692
1536 1709
1536 1906
1538 1757
1539 1632
1539 1669
1539 1683
1539 1861
1540 1554
1540 1584
1540 1807
1540 1818
1540 1909
1541 1681
1541 1770
1541 1904
1542 1816
1543 1679
1543 1692
1544 1779
1545 1574
1547 1605
1547 1620
1547 1623
1547 1652
1547 1668
1547 1712
1547 1714
1547 1737
1547 1789
1547 1816
1547 1886
1549 1565
1550 1576
1551 1580
1551 1603
1551 1617
1551 1643
1551 1707
1551 1734
1551 1761
1551 1804
1551 1809
1551 1813
1551 1845
1551 1879
1551 1891
1553 1579
1553 1825
1553 1847
1554 1610
1554 1717
1554 1734
1554 1754
1554 1793
1554 1811
1554 1827
1554 1835
1554 1845
1554 1864
1554 1879
1555 1676
1557 1597
1557 1622
1557 1623
1557 1689
1557 1710
1557 1734
1557 1819
1557 1879
1559 1561
1559 1594
1559 1612
1559 1665
1559 1736
1559 1761
1559 1768
1559 1782
1559 1799
1559 1816
1563 1590
1563 1643
1563 1675
1565 1625
1565 1870
1566 1761
1567 1825
1568 1601
1568 1648
1568 1747
1569 1591
1569 1783
1569 1818
1569 1903
1570 1675
1570 1823
1570 1833
1570 1891
1571 1580
1571 1600
1571 1823
1571 1911
1572 1644
1572 1659
1572 1827
1573 1786
1574 1766
1574 1778
1575 1727
1576 1715
1576 1872
1577 1666
1577 1920
1577 2039
1577 2071
1577 2135
1577 2163
1577 2199
1577 2203
1577 2295
1577 2298
1577 2327
1577 2347
1577 2351
1577 2445
1577 2465
1577 2589
1577 2597
1577 2598
1578 1596
1578 1628
1578 1691
1578 1716
1580 1804
1580 1816
1580 1868
1580 1898
1582 1729
1582 1742
1582 1848
1583 1636
1583 1783
1584 1662
1584 1714
1584 1717
1584 1750
1584 1757
1584 1826
1584 1827
1584 1877
1587 1611
1589 1608
1589 1617
1589 1643
1589 1752
1589 1753
1589 1765
1589 1768
1590 1613
1590 1879
1591 1611
1591 1857
1596 1786
1597 1621
1597 1683
1597 1752
1597 1819
1597 1867
1597 1886
1598 1619
1598 1849
1598 1886
1599 1814
1600 1652
1600 1689
1600 1717
1600 1730
1600 1736
1600 1791
1600 1867
1601 1733
1602 1695
1603 1663
1603 1741
1603 1835
1603 1849
1604 1617
1604 1622
1604 1632
1604 1637
1604 1734
1604 1813
1604 1885
1605 1741
1605 1757
1605 1804
1605 1898
1606 1740
1606 1844
1608 1689
1608 1772
1608 1833
1609 1663
1609 1813
1609 1835
1609 1861
1610 1612
1610 1621
1610 1757
1611 1691
1611 1720
1612 1799
1612 1833
1612 1851
1612 1879
1612 1888
1612 1891
1613 1662
1613 1757
1613 1772
1613 1823
1613 1842
1613 1888
1613 1902
1614 1730
1614 1752
1614 1886
1615 1687
1616 1631
1616 1844
1617 1632
1617 1789
1617 1799
1617 1813
1617 1826
1617 1888
1619 1665
1619 1707
1619 1714
1619 1839
1619 1879
1619 1888
1620 1663
1620 1707
1620 1754
1620 1768
1620 1789
1620 1845
1621 1689
1621 1736
1621 1761
1621 1809
1621 1835
1622 1659
1622 1688
1622 1752
1622 1761
1622 1793
1622 1823
1623 1662
1623 1736
1623 1746
1623 1768
1623 1799
1624 1672
1626 1683
1626 1865
1628 1715
1630 1703
1630 1807
1632 1665
1632 1700
1633 1699
1635 1899
1636 1680
1636 1903
1637 1643
1637 1675
1637 1730
1637 1804
1638 1661
1638 1783
1638 1786
1638 1820
1639 1643
1639 1644
1639 1714
1639 1746
1639 1851
1642 2693
1643 1669
1643 1753
1643 1789
1644 1683
1644 1700
1644 1724
1644 1746
1644 1827
1645 1692
1645 1743
1645 1882
1647 1899
1648 1837
1649 1790
1649 1850
1650 1727
1651 1730
1653 1714
1653 1717
1653 1833
1656 1702
1656 1806
1656 1852
1656 2883
1656 2964
1656 3165
1658 1807
1659 1737
1659 1746
1660 1773
1660 1801
1661 1859
1662 1750
1662 1839
1663 1683
1663 1761
1663 1782
1663 1795
1663 1898
1665 1730
1665 1833
1665 1898
1666 2883
1666 2968
1668 1839
1669 1675
1669 1714
1669 1800
1669 1902
1671 1881
1672 1725
1672 1869
1675 1714
1675 1881
1675 1902
1676 1687
1677 1744
1678 1811
1680 1682
1680 1764
1680 1862
1682 1884
1683 1819
1683 1821
1683 1833
1684 2671
1684 2678
1684 2692
1684 2695
1684 2702
1684 2711
1684 2714
1684 2736
1684 2743
1684 2752
1684 2757
1684 2770
1684 2781
1684 2784
1684 2793
1684 2846
1684 2851
1684 2852
1684 2854
1684 2858
1684 2908
1684 2910
1684 2918
1684 2924
1684 2939
1684 2940
1684 2975
1684 2978
1684 2993
1684 3020
1684 3021
1684 3028
1684 3047
1684 3048
1684 3055
1684 3064
1684 3076
1684 3088
1684 3089
1684 3093
1684 3104
1684 3113
1684 3117
1684 3120
1684 3127
1684 3130
1684 3136
1684 3164
1684 3167
1684 3174
1684 3183
1684 3185
1684 3193
1684 3195
1684 3199
1684 3236
1684 3237
1684 3244
1684 3251
1684 3258
1684 3262
1684 3266
1684 3283
1684 3292
1684 3296
1684 3310
1684 3315
1684 3324
1684 3326
1684 3337
1684 3339
1684 3345
1684 3355
1684 3361
1684 3369
1684 3391
1684 3403
1684 3409
1684 3411
1684 3414
1684 3424
1684 3436
1685 1813
1685 1861
1688 1737
1688 1816
1688 1867
1689 1724
1689 1793
1689 1795
1689 1864
1689 1891
1695 1763
1697 1718
1702 1722
1702 1806
1702 1817
1702 1865
1705 1719
1706 1729
1707 1741
1707 1746
1707 1839
1709 1876
1712 1809
1714 1730
1714 1737
1714 1793
1715 1728
1717 1799
1717 1816
1717 1888
1718 1835
1718 1836
1718 1909
1718 2068
1718 2102
1718 2133
1718 2149
1718 2196
1718 2239
1718 2268
1718 2282
1718 2343
1718 2394
1718 2399
1718 2419
1718 2463
1718 2509
1718 2512
1718 2642
1718 2649
1720 1729
1721 1879
1722 1741
1722 1754
1722 1805
1723 1736
1724 1771
1725 1850
1726 3179
1729 1786
1729 1812
1729 1824
1730 1737
1730 1753
1730 1757
1730 1800
1730 1839
1730 1886
1731 1761
1733 1895
1734 1761
1735 1769
1735 1833
1735 1839
1736 1789
1736 1816
1736 1833
1736 1842
1736 1849
1736 1879
1737 1833
1739 1783
1740 1882
1743 1844
1746 1793
1746 1796
1746 1799
1746 1813
1746 1816
1746 1823
1746 1898
1747 1880
1750 1795
1751 1871
1751 1875
1751 1893
1751 1894
1752 1795
1753 1768
1753 1800
1753 1861
1757 1799
1758 2764
1761 1823
1761 1833
1761 1843
1765 1791
1766 1801
1768 1791
1768 1902
1769 1836
1769 1845
1772 1902
1774 1911
1779 1883
1784 1895
1787 1880
1791 1827
1791 1888
1793 1842
1794 1807
1795 1839
1796 1799
1796 1804
1799 1877
1800 1819
1800 1827
1800 1842
1804 1842
1805 1813
1806 1908
1807 1885
1809 1826
1809 1839
1809 1888
1811 1839
1812 1820
1812 1871
1812 1893
1813 1833
1813 1861
1817 1863
1821 1839
1823 1835
1823 1849
1826 1888
1827 1839
1827 1849
1827 1891
1828 1893
1828 1894
1832 1868
1832 1898
1839 1886
1839 1909
1841 1872
1842 1843
1842 1849
1846 1883
1850 1893
1852 1863
1857 1872
1863 1883
1863 1909
1867 1881
1868 1888
1869 1904
1871 1893
1885 1897
1887 1899
1901 1910
1904 1906
1912 1914
1912 1921
1912 1927
1912 1930
1912 1935
1912 1940
1912 1960
1912 1972
1912 1980
1912 1982
1912 1996
1912 1999
1912 2005
1912 2030
1912 2041
1912 2055
1912 2057
1912 2066
1912 2100
1912 2105
1912 2138
1912 2140
1912 2141
1912 2142
1912 2154
1912 2156
1912 2160
1912 2161
1912 2207
1912 2212
1912 2221
1912 2232
1912 2256
1912 2259
1912 2271
1912 2279
1912 2292
1912 2299
1912 2307
1912 2320
1912 2332
1912 2333
1912 2341
1912 2352
1912 2380
1912 2384
1912 2385
1912 2388
1912 2390
1912 2407
1912 2411
1912 2419
1912 2420
1912 2427
1912 2442
1912 2451
1912 2453
1912 2467
1912 2471
1912 2474
1912 2487
1912 2499
1912 2503
1912 2511
1912 2516
1912 2518
1912 2521
1912 2527
1912 2529
1912 2533
1912 2540
1912 2552
1912 2577
1912 2587
1912 2592
1912 2599
1912 2626
1912 2651
1913 2203
1913 2355
1913 2413
1913 2531
1914 1980
1914 2018
1914 2025
1914 2627
1915 2146
1916 2003
1916 2032
1916 2087
1916 2250
1916 2512
1916 2598
1917 2095
1917 2103
1917 2139
1917 2237
1917 2244
1917 2278
1917 2309
1917 2339
1917 2410
1917 2433
1917 2468
1917 2478
1917 2482
1917 2504
1917 2507
1917 2532
1917 2575
1918 2030
1918 2188
1918 2213
1918 2220
1918 2331
1918 2464
1918 2484
1918 2485
1918 2560
1918 2563
1918 2600
1918 2602
1918 2654
1919 1931
1919 1968
1919 2171
1919 2284
1919 2626
1919 2648
1920 1940
1920 2039
1920 2111
1920 2125
1920 2149
1920 2161
1920 2199
1920 2399
1920 2465
1920 2509
1920 2653
1921 1968
1921 2648
1922 2156
1923 2141
1923 2209
1923 2362
1923 2498
1924 2622
1925 1966
1925 1979
1925 1983
1925 2078
1925 2084
1925 2104
1925 2123
1925 2172
1925 2200
1925 2240
1925 2257
1925 2374
1925 2395
1925 2410
1925 2521
1925 2563
1925 2593
1925 2630
1926 1947
1926 1955
1926 2007
1926 2087
1926 2133
1926 2285
1926 2289
1926 2313
1926 2338
1926 2347
1926 2406
1926 2417
1926 2419
1926 2589
1926 2594
1927 1931
1927 1973
1927 1991
1927 2000
1927 2011
1927 2159
1927 2435
1928 1995
1928 2013
1928 2620
1929 1943
1929 1963
1929 1979
1929 2045
1929 2118
1929 2164
1929 2184
1929 2200
1929 2233
1929 2323
1929 2359
1929 2374
1929 2408
1929 2409
1929 2549
1929 2559
1929 2624
1931 1972
1931 2001
1931 2025
1931 2143
1931 2192
1931 2225
1932 1947
1932 2191
1932 2194
1932 2279
1932 2420
1934 1936
1935 1980
1935 2001
1935 2658
1936 2173
1938 1943
1938 1971
1938 2037
1938 2060
1938 2090
1938 2093
1938 2098
1938 2115
1938 2140
1938 2240
1938 2278
1938 2326
1938 2334
1938 2359
1938 2409
1938 2460
1938 2495
1938 2500
1938 2549
1938 2574
1938 2619
1939 1945
1939 1947
1939 2132
1939 2180
1939 2235
1939 2283
1939 2292
1939 2479
1939 2501
1939 2598
1939 2642
1940 2133
1940 2143
1940 2148
1940 2149
1940 2247
1940 2264
1940 2294
1940 2338
1940 2419
1940 2436
1940 2461
1941 2063
1941 2099
1941 2103
1941 2125
1941 2127
1941 2183
1941 2187
1941 2206
1941 2240
1941 2247
1941 2257
1941 2266
1941 2276
1941 2285
1941 2302
1941 2319
1941 2355
1941 2408
1941 2410
1941 2482
1941 2507
1941 2509
1941 2551
1941 2556
1941 2564
1941 2586
1941 2592
1941 2607
1941 2617
1942 2019
1942 2084
1942 2142
1942 2218
1942 2303
1942 2353
1943 2045
1943 2055
1943 2074
1943 2103
1943 2109
1943 2118
1943 2122
1943 2136
1943 2266
1943 2300
1943 2352
1943 2354
1943 2404
1943 2489
1943 2556
1943 2560
1943 2601
1943 2655
1944 2047
1944 2141
1944 2242
1944 2270
1944 2362
1945 1994
1945 2223
1945 2241
1945 2347
1945 2445
1945 2451
1945 2510
1945 2543
1945 2571
1945 2608
1945 2617
1946 1993
1946 2064
1946 2077
1946 2112
1946 2139
1946 2188
1946 2276
1946 2326
1946 2433
1946 2464
1946 2467
1946 2468
1946 2563
1946 2590
1946 2593
1946 2623
1947 1959
1947 2002
1947 2032
1947 2087
1947 2169
1947 2196
1947 2243
1947 2247
1947 2292
1947 2327
1947 2336
1947 2368
1947 2390
1947 2396
1947 2415
1947 2458
1947 2475
1947 2516
1947 2555
1947 2594
1947 2608
1947 2616
1948 2053
1948 2068
1948 2072
1948 2087
1948 2144
1948 2191
1948 2247
1948 2283
1948 2377
1948 2436
1948 2511
1948 2609
1950 1980
1950 2014
1951 1972
1951 2006
1951 2011
1951 2447
1951 2626
1951 2640
1951 2648
1951 2660
1953 1993
1953 2020
1953 2073
1953 2115
1953 2121
1953 2201
1953 2324
1953 2369
1953 2468
1953 2586
1953 2607
1954 2138
1954 2149
1954 2241
1954 2250
1954 2289
1954 2292
1954 2649
1954 2659
1955 2111
1955 2180
1955 2283
1955 2420
1955 2451
1955 2463
1955 2608
1957 2378
1958 2006
1958 2097
1959 1981
1959 2042
1959 2072
1959 2283
1959 2285
1959 2292
1959 2384
1959 2434
1960 2126
1960 2405
1961 2128
1962 1984
1962 2033
1962 2037
1962 2073
1962 2090
1962 2123
1962 2184
1962 2188
1962 2244
1962 2299
1962 2352
1962 2374
1962 2395
1962 2464
1962 2504
1962 2521
1962 2573
1962 2654
1963 2064
1963 2073
1963 2253
1963 2308
1963 2324
1963 2393
1963 2485
1963 2578
1964 2007
1964 2036
1964 2042
1964 2197
1964 2242
1964 2279
1964 2291
1964 2322
1964 2342
1964 2362
1964 2398
1964 2589
1964 2608
1965 2231
1965 2557
1966 1989
1966 2064
1966 2069
1966 2084
1966 2088
1966 2104
1966 2139
1966 2220
1966 2240
1966 2306
1966 2354
1966 2409
1966 2446
1966 2504
1966 2521
1966 2551
1966 2560
1966 2581
1966 2611
1968 1995
1968 2143
1968 2171
1968 2202
1968 2620
1969 2385
1970 2087
1970 2151
1970 2221
1970 2318
1970 2389
1970 2390
1970 2399
1971 1993
1971 2037
1971 2074
1971 2103
1971 2112
1971 2131
1971 2164
1971 2308
1971 2309
1971 2329
1971 2369
1971 2404
1971 2460
1971 2484
1971 2500
1971 2520
1971 2521
1971 2546
1971 2559
1971 2654
1972 1995
1972 2022
1972 2061
1972 2171
1972 2459
1972 2472
1973 2009
1973 2016
1973 2022
1973 2024
1973 2616
1973 2640
1975 2236
1975 2534
1976 1999
1976 2013
1976 2024
1978 2403
1979 2020
1979 2021
1979 2040
1979 2043
1979 2121
1979 2165
1979 2216
1979 2229
1979 2233
1979 2278
1979 2404
1979 2409
1979 2433
1979 2460
1979 2482
1979 2489
1979 2492
1979 2507
1979 2576
1979 2578
1979 2590
1979 2600
1979 2604
1979 2654
1980 1998
1980 2001
1980 2009
1980 2025
1980 2061
1980 2284
1980 2364
1980 2585
1980 2620
1980 2647
1981 2072
1981 2110
1981 2221
1981 2235
1981 2294
1981 2336
1981 2509
1981 2511
1982 2327
1982 2513
1982 2522
1983 2033
1983 2058
1983 2092
1983 2218
1983 2253
1983 2257
1983 2299
1983 2323
1983 2369
1983 2429
1983 2464
1983 2521
1983 2549
1983 2552
1983 2560
1983 2563
1983 2602
1983 2613
1983 2623
1983 2630
1983 2631
1984 1989
1984 2108
1984 2118
1984 2188
1984 2206
1984 2244
1984 2261
1984 2266
1984 2271
1984 2299
1984 2308
1984 2326
1984 2352
1984 2354
1984 2356
1984 2369
1984 2409
1984 2469
1984 2539
1984 2564
1984 2606
1984 2623
1985 1994
1985 2060
1985 2095
1985 2212
1985 2244
1985 2287
1985 2319
1985 2329
1985 2420
1985 2449
1985 2485
1985 2492
1985 2507
1985 2563
1985 2625
1985 2655
1986 2078
1986 2093
1986 2095
1986 2109
1986 2201
1986 2213
1986 2216
1986 2218
1986 2266
1986 2376
1986 2414
1986 2506
1986 2520
1986 2560
1986 2586
1986 2602
1986 2606
1987 2042
1987 2047
1987 2057
1987 2268
1987 2385
1987 2419
1989 2005
1989 2077
1989 2083
1989 2188
1989 2200
1989 2216
1989 2276
1989 2369
1989 2423
1989 2607
1989 2631
1990 2335
1991 2001
1991 2171
1991 2494
1991 2636
1992 2207
1992 2426
1992 2622
1993 2037
1993 2056
1993 2069
1993 2073
1993 2139
1993 2201
1993 2257
1993 2446
1993 2462
1993 2579
1993 2593
1994 2153
1994 2292
1995 2018
1995 2284
1995 2620
1995 2657
1997 2045
1997 2064
1997 2078
1997 2093
1997 2124
1997 2150
1997 2229
1997 2240
1997 2309
1997 2363
1997 2464
1997 2467
1997 2549
1997 2604
1997 2615
1998 2016
1999 2012
1999 2143
2000 2022
2000 2365
2000 2494
2001 2116
2001 2583
2001 2640
2001 2660
2002 2137
2002 2196
2002 2226
2002 2239
2002 2273
2002 2304
2003 2132
2003 2344
2003 2394
2003 2491
2003 2652
2004 2016
2004 2364
2004 2365
2004 2494
2004 2640
2004 2647
2005 2095
2005 2123
2005 2131
2005 2142
2005 2188
2005 2210
2005 2266
2005 2276
2005 2309
2005 2495
2005 2554
2005 2556
2005 2578
2006 2018
2006 2024
2006 2097
2006 2645
2007 2038
2007 2072
2007 2153
2007 2161
2007 2176
2007 2218
2007 2223
2007 2247
2007 2351
2007 2393
2007 2472
2007 2516
2007 2533
2007 2555
2007 2589
2007 2646
2009 2472
2010 2143
2010 2169
2010 2174
2010 2183
2010 2203
2010 2246
2010 2267
2010 2325
2010 2336
2010 2343
2010 2649
2011 2022
2011 2097
2011 2225
2011 2447
2012 2494
2014 2648
2016 2022
2017 2041
2018 2447
2018 2459
2018 2538
2019 2234
2019 2393
2020 2093
2020 2115
2020 2123
2020 2150
2020 2201
2020 2218
2020 2266
2020 2306
2020 2323
2020 2369
2020 2410
2020 2446
2020 2464
2020 2495
2020 2550
2020 2578
2020 2579
2020 2586
2020 2604
2021 2409
2022 2116
2023 2091
2023 2316
2023 2488
2023 2577
2024 2097
2024 2192
2024 2640
2026 2128
2026 2138
2026 2150
2026 2153
2026 2161
2026 2233
2026 2398
2026 2594
2027 2645
2028 2102
2028 2125
2028 2148
2028 2176
2028 2199
2028 2302
2028 2330
2028 2333
2028 2336
2028 2461
2028 2509
2028 2512
2028 2592
2028 2605
2029 2272
2029 2318
2029 2540
2030 2040
2030 2069
2030 2098
2030 2131
2030 2154
2030 2220
2030 2404
2030 2433
2030 2446
2030 2495
2030 2546
2030 2554
2030 2590
2030 2630
2030 2638
2031 2047
2031 2174
2031 2270
2031 2272
2031 2416
2031 2610
2032 2096
2032 2127
2032 2143
2032 2144
2032 2176
2032 2279
2032 2294
2032 2336
2032 2377
2032 2384
2032 2434
2032 2458
2032 2516
2032 2592
2032 2617
2033 2112
2033 2140
2033 2142
2033 2190
2033 2287
2033 2290
2033 2324
2033 2340
2033 2374
2033 2407
2033 2423
2033 2428
2033 2460
2033 2482
2033 2546
2033 2601
2033 2625
2033 2654
2034 2041
2034 2120
2035 2366
2035 2448
2035 2488
2036 2047
2036 2211
2037 2084
2037 2108
2037 2121
2037 2139
2037 2140
2037 2240
2037 2356
2037 2374
2037 2428
2037 2460
2037 2462
2037 2526
2037 2553
2037 2561
2037 2573
2037 2586
2037 2624
2037 2654
2038 2054
2038 2068
2038 2072
2038 2111
2038 2144
2038 2176
2038 2187
2038 2239
2038 2267
2038 2319
2038 2406
2038 2416
2038 2419
2038 2498
2038 2612
2038 2616
2039 2081
2039 2111
2039 2117
2039 2127
2039 2282
2039 2302
2039 2417
2039 2510
2039 2629
2039 2653
2040 2056
2040 2090
2040 2093
2040 2098
2040 2109
2040 2147
2040 2184
2040 2208
2040 2220
2040 2258
2040 2308
2040 2309
2040 2347
2040 2392
2040 2460
2040 2464
2040 2561
2040 2575
2040 2646
2041 2321
2042 2117
2042 2138
2042 2332
2042 2347
2042 2436
2042 2502
2042 2508
2042 2643
2043 2093
2043 2266
2043 2354
2043 2369
2043 2428
2043 2429
2043 2506
2043 2526
2043 2543
2043 2564
2043 2600
2043 2601
2043 2604
2043 2623
2043 2625
2043 2630
2043 2654
2044 2084
2044 2387
2044 2631
2045 2056
2045 2086
2045 2115
2045 2123
2045 2136
2045 2190
2045 2206
2045 2210
2045 2229
2045 2300
2045 2306
2045 2331
2045 2374
2045 2468
2045 2521
2045 2543
2045 2553
2045 2556
2045 2563
2045 2578
2045 2591
2045 2601
2045 2607
2045 2611
2045 2624
2045 2631
2045 2638
2046 2059
2046 2060
2046 2073
2046 2104
2046 2131
2046 2324
2046 2331
2046 2356
2046 2376
2046 2551
2046 2560
2046 2591
2046 2600
2046 2619
2047 2052
2047 2071
2047 2148
2047 2175
2047 2208
2047 2247
2047 2250
2047 2259
2047 2296
2047 2335
2047 2411
2047 2416
2047 2419
2047 2474
2047 2588
2047 2594
2047 2597
2048 2128
2048 2226
2048 2498
2049 2248
2049 2474
2049 2562
2051 2113
2051 2313
2052 2153
2052 2196
2052 2241
2052 2338
2052 2643
2053 2057
2053 2101
2053 2117
2053 2153
2053 2254
2053 2338
2053 2436
2053 2463
2054 2111
2054 2148
2054 2325
2054 2338
2054 2420
2054 2451
2054 2491
2054 2498
2054 2501
2054 2555
2054 2598
2055 2078
2055 2115
2055 2188
2055 2201
2055 2257
2055 2347
2055 2469
2055 2560
2055 2590
2055 2593
2055 2604
2056 2257
2056 2275
2056 2278
2056 2356
2056 2376
2056 2391
2056 2545
2057 2102
2057 2384
2057 2592
2058 2064
2058 2092
2058 2121
2058 2433
2058 2594
2058 2654
2059 2109
2059 2140
2059 2172
2059 2206
2059 2220
2059 2363
2059 2460
2059 2526
2059 2600
2059 2607
2059 2630
2059 2646
2060 2088
2060 2093
2060 2108
2060 2188
2060 2218
2060 2242
2060 2395
2060 2464
2060 2560
2061 2171
2061 2585
2061 2658
2062 2161
2062 2347
2062 2420
2062 2629
2063 2078
2063 2118
2063 2136
2063 2271
2063 2308
2063 2331
2063 2363
2063 2392
2063 2418
2063 2485
2063 2507
2063 2539
2063 2551
2063 2564
2063 2578
2063 2586
2063 2655
2064 2103
2064 2124
2064 2190
2064 2212
2064 2213
2064 2253
2064 2257
2064 2261
2064 2308
2064 2352
2064 2410
2064 2430
2064 2482
2064 2492
2064 2526
2064 2561
2064 2593
2065 2087
2065 2333
2066 2133
2066 2517
2067 2300
2067 2387
2067 2428
2067 2478
2068 2081
2068 2144
2068 2232
2068 2254
2068 2283
2068 2319
2068 2328
2068 2332
2068 2345
2068 2379
2068 2394
2068 2419
2068 2461
2068 2491
2068 2588
2068 2598
2069 2093
2069 2121
2069 2122
2069 2142
2069 2258
2069 2308
2069 2339
2069 2353
2069 2387
2069 2410
2069 2464
2069 2501
2069 2543
2069 2559
2069 2624
2069 2654
2070 2091
2070 2236
2070 2488
2071 2135
2071 2189
2071 2273
2071 2302
2071 2319
2071 2461
2071 2465
2071 2498
2071 2512
2071 2653
2072 2096
2072 2138
2072 2161
2072 2183
2072 2594
2072 2617
2073 2083
2073 2201
2073 2216
2073 2220
2073 2299
2073 2339
2073 2340
2073 2353
2073 2370
2073 2381
2073 2433
2073 2524
2073 2586
2073 2654
2074 2077
2074 2083
2074 2088
2074 2190
2074 2216
2074 2240
2074 2287
2074 2323
2074 2352
2074 2386
2074 2404
2074 2409
2074 2410
2074 2560
2074 2586
2074 2600
2074 2619
2074 2646
2074 2654
2075 2333
2075 2377
2075 2390
2075 2415
2075 2438
2076 2207
2076 2426
2077 2139
2077 2142
2077 2500
2077 2575
2078 2109
2078 2131
2078 2220
2078 2233
2078 2244
2078 2253
2078 2356
2078 2363
2078 2410
2078 2430
2078 2489
2078 2499
2078 2520
2078 2611
2078 2623
2078 2630
2081 2127
2081 2132
2081 2153
2081 2199
2081 2235
2081 2250
2081 2289
2081 2332
2081 2338
2081 2462
2081 2465
2081 2496
2081 2533
2081 2547
2081 2589
2081 2603
2081 2629
2082 2228
2083 2104
2083 2118
2083 2131
2083 2165
2083 2188
2083 2190
2083 2278
2083 2290
2083 2352
2083 2504
2083 2507
2083 2573
2083 2624
2083 2655
2084 2088
2084 2131
2084 2216
2084 2233
2084 2323
2084 2353
2084 2369
2084 2460
2084 2469
2084 2504
2084 2552
2084 2586
2084 2615
2085 2197
2085 2232
2085 2610
2086 2131
2086 2142
2086 2190
2086 2257
2086 2354
2086 2359
2086 2369
2086 2395
2086 2467
2086 2495
2086 2500
2087 2134
2087 2144
2087 2189
2087 2250
2087 2332
2087 2336
2087 2347
2087 2368
2087 2522
2087 2588
2088 2090
2088 2103
2088 2206
2088 2212
2088 2240
2088 2359
2088 2363
2088 2370
2088 2418
2088 2443
2088 2446
2088 2468
2088 2492
2088 2539
2088 2552
2088 2561
2088 2604
2088 2631
2089 2126
2089 2361
2090 2104
2090 2172
2090 2220
2090 2307
2090 2309
2090 2356
2090 2370
2090 2410
2090 2478
2090 2542
2090 2561
2090 2586
2090 2601
2090 2619
2090 2630
2090 2654
2091 2129
2091 2156
2091 2361
2091 2411
2091 2448
2091 2540
2092 2262
2092 2271
2092 2423
2092 2429
2092 2602
2093 2112
2093 2139
2093 2188
2093 2206
2093 2253
2093 2276
2093 2300
2093 2306
2093 2347
2093 2381
2093 2428
2093 2550
2093 2575
2093 2602
2093 2646
2094 2167
2095 2220
2095 2237
2095 2299
2095 2363
2095 2430
2095 2507
2095 2546
2095 2611
2095 2616
2095 2624
2096 2333
2096 2501
2097 2192
2097 2364
2098 2150
2098 2164
2098 2210
2098 2244
2098 2271
2098 2331
2098 2340
2098 2348
2098 2395
2098 2404
2098 2460
2098 2600
2101 2110
2101 2338
2101 2384
2101 2434
2101 2509
2101 2598
2102 2215
2102 2246
2102 2268
2102 2279
2102 2332
2102 2336
2102 2347
2102 2351
2102 2436
2102 2459
2102 2508
2102 2643
2103 2115
2103 2136
2103 2200
2103 2307
2103 2340
2103 2521
2103 2524
2103 2539
2103 2638
2104 2139
2104 2334
2104 2340
2104 2347
2104 2352
2104 2374
2104 2407
2104 2410
2104 2414
2104 2430
2104 2460
2104 2464
2104 2504
2104 2590
2106 2168
2107 2424
2107 2440
2107 2497
2107 2644
2108 2124
2108 2278
2108 2306
2108 2356
2108 2381
2108 2560
2108 2578
2108 2600
2108 2615
2109 2244
2109 2354
2109 2428
2109 2468
2109 2552
2109 2579
2109 2601
2110 2221
2110 2327
2110 2328
2110 2333
2111 2151
2111 2153
2111 2169
2111 2180
2111 2183
2111 2189
2111 2194
2111 2215
2111 2419
2111 2434
2111 2438
2111 2472
2111 2597
2112 2271
2112 2278
2112 2414
2112 2464
2112 2477
2112 2478
2112 2485
2112 2550
2112 2590
2114 2231
2114 2361
2115 2122
2115 2188
2115 2201
2115 2220
2115 2229
2115 2409
2115 2552
2115 2624
2116 2145
2116 2171
2116 2284
2116 2531
2116 2538
2116 2640
2116 2642
2116 2648
2117 2169
2117 2174
2117 2246
2117 2319
2117 2327
2117 2377
2117 2419
2117 2420
2117 2472
2117 2543
2117 2555
2117 2567
2117 2610
2117 2643
2118 2188
2118 2201
2118 2229
2118 2300
2118 2370
2118 2423
2118 2464
2118 2482
2118 2484
2118 2495
2118 2625
2118 2646
2119 2474
2119 2558
2120 2260
2120 2313
2121 2124
2121 2190
2121 2206
2121 2244
2121 2339
2121 2374
2121 2381
2121 2427
2121 2428
2121 2655
2122 2266
2122 2275
2122 2299
2122 2309
2122 2347
2122 2369
2122 2404
2122 2414
2122 2460
2122 2492
2122 2521
2122 2542
2122 2590
2122 2607
2123 2139
2123 2324
2123 2348
2123 2356
2123 2404
2123 2409
2123 2485
2123 2504
2123 2546
2123 2556
2123 2561
2123 2575
2123 2623
2123 2655
2124 2154
2124 2165
2124 2190
2124 2233
2124 2290
2124 2299
2124 2374
2124 2414
2124 2433
2124 2492
2124 2611
2124 2630
2124 2631
2125 2187
2125 2598
2125 2629
2126 2129
2126 2160
2126 2455
2126 2488
2126 2535
2127 2134
2127 2196
2127 2351
2127 2445
2127 2471
2127 2567
2127 2588
2127 2592
2128 2268
2128 2304
2128 2332
2128 2347
2128 2351
2128 2368
2128 2399
2128 2438
2128 2463
2128 2502
2128 2529
2129 2405
2129 2540
2129 2614
2130 2160
2131 2142
2131 2324
2131 2340
2131 2348
2131 2352
2131 2354
2131 2359
2131 2369
2131 2408
2131 2428
2131 2446
2131 2478
2131 2482
2131 2539
2131 2551
2131 2578
2131 2606
2131 2630
2132 2169
2132 2185
2132 2274
2132 2327
2132 2343
2132 2384
2132 2399
2132 2434
2132 2438
2132 2461
2133 2151
2133 2196
2133 2328
2133 2394
2133 2511
2133 2517
2133 2617
2133 2649
2134 2148
2134 2268
2134 2372
2134 2417
2134 2496
2134 2543
2134 2555
2134 2567
2134 2588
2135 2239
2135 2241
2135 2264
2135 2268
2135 2283
2135 2475
2135 2512
2136 2200
2136 2374
2136 2376
2136 2507
2137 2148
2137 2506
2137 2594
2138 2198
2138 2203
2138 2215
2138 2294
2138 2319
2138 2537
2138 2598
2138 2629
2139 2190
2139 2201
2139 2210
2139 2218
2139 2257
2139 2271
2139 2326
2139 2414
2139 2492
2139 2499
2139 2546
2139 2560
2139 2564
2139 2604
2139 2630
2140 2299
2140 2323
2140 2408
2140 2423
2140 2468
2140 2520
2140 2602
2140 2655
2141 2270
2141 2289
2141 2416
2142 2213
2142 2216
2142 2275
2142 2307
2142 2408
2142 2428
2142 2443
2142 2446
2142 2449
2142 2460
2142 2476
2142 2499
2142 2501
2142 2573
2142 2655
2143 2302
2143 2377
2143 2543
2143 2571
2144 2319
2144 2384
2144 2616
2145 2186
2145 2235
2145 2544
2145 2610
2145 2637
2147 2288
2147 2339
2148 2458
2148 2510
2148 2516
2148 2571
2148 2609
2149 2292
2149 2319
2149 2509
2149 2512
2149 2603
2150 2172
2150 2220
2150 2240
2150 2326
2150 2369
2150 2392
2150 2410
2150 2428
2150 2429
2150 2526
2150 2543
2150 2549
2150 2560
2151 2343
2153 2224
2153 2246
2153 2247
2153 2268
2153 2292
2153 2315
2153 2472
2153 2555
2153 2617
2154 2206
2154 2212
2154 2324
2154 2329
2154 2339
2154 2340
2154 2408
2154 2464
2154 2546
2154 2600
2154 2625
2156 2424
2157 2202
2157 2225
2157 2337
2157 2364
2157 2459
2158 2228
2159 2171
2160 2405
2161 2222
2161 2394
2161 2438
2161 2543
2162 2238
2163 2328
2164 2201
2164 2324
2164 2423
2164 2433
2164 2462
2164 2520
2164 2560
2164 2561
2164 2591
2164 2613
2164 2615
2165 2218
2165 2233
2165 2495
2165 2507
2165 2573
2165 2579
2165 2590
2165 2611
2169 2203
2169 2249
2169 2250
2169 2302
2169 2338
2169 2347
2169 2368
2169 2399
2169 2471
2169 2491
2169 2498
2171 2346
2171 2494
2171 2648
2172 2201
2172 2216
2172 2233
2172 2299
2172 2352
2172 2381
2172 2391
2172 2462
2172 2485
2172 2495
2172 2506
2172 2560
2172 2579
2172 2615
2174 2176
2174 2199
2174 2247
2174 2264
2174 2319
2174 2377
2174 2384
2174 2436
2174 2461
2174 2471
2174 2594
2176 2325
2176 2509
2176 2512
2176 2610
2177 2304
2179 2188
2179 2271
2179 2300
2179 2309
2179 2324
2179 2331
2179 2356
2179 2363
2179 2563
2179 2600
2179 2625
2180 2187
2180 2194
2180 2203
2180 2289
2180 2372
2180 2384
2180 2472
2180 2516
2180 2547
2180 2588
2180 2597
2180 2598
2180 2643
2182 2642
2183 2294
2183 2351
2183 2372
2183 2451
2183 2465
2183 2589
2183 2592
2184 2188
2184 2210
2184 2218
2184 2240
2184 2257
2184 2339
2184 2340
2184 2363
2184 2381
2184 2395
2184 2460
2184 2507
2184 2553
2187 2223
2187 2224
2187 2241
2187 2264
2187 2267
2187 2328
2187 2377
2187 2461
2187 2543
2187 2582
2187 2589
2188 2200
2188 2210
2188 2233
2188 2299
2188 2323
2188 2340
2188 2354
2188 2370
2188 2376
2188 2414
2188 2429
2188 2495
2188 2504
2188 2604
2188 2607
2189 2234
2189 2241
2189 2279
2189 2283
2189 2472
2189 2508
2189 2582
2189 2588
2189 2589
2189 2617
2189 2649
2190 2275
2190 2492
2190 2532
2190 2536
2190 2549
2190 2573
2190 2575
2190 2591
2190 2624
2191 2436
2191 2471
2191 2475
2191 2511
2192 2648
2194 2461
2194 2491
2194 2533
2194 2567
2194 2588
2194 2653
2196 2344
2196 2384
2196 2434
2196 2463
2196 2642
2197 2260
2198 2461
2198 2463
2198 2642
2199 2228
2199 2252
2199 2273
2199 2338
2199 2377
2199 2451
2199 2608
2199 2609
2200 2266
2200 2271
2200 2359
2200 2363
2200 2376
2200 2407
2200 2410
2200 2428
2200 2433
2200 2554
2200 2646
2201 2212
2201 2229
2201 2271
2201 2276
2201 2326
2201 2334
2201 2359
2201 2363
2201 2433
2201 2468
2201 2495
2201 2551
2201 2591
2201 2607
2202 2389
2202 2636
2202 2640
2203 2239
2203 2292
2203 2399
2203 2509
2203 2512
2203 2616
2206 2229
2206 2244
2206 2306
2206 2309
2206 2326
2206 2347
2206 2376
2206 2418
2206 2460
2206 2477
2206 2484
2206 2539
2206 2549
2206 2564
2206 2601
2206 2602
2206 2606
2206 2631
2206 2638
2206 2654
2207 2650
2208 2384
2208 2530
2209 2296
2210 2215
2210 2323
2210 2374
2210 2601
2211 2272
2211 2291
2211 2296
2211 2396
2211 2608
2212 2233
2212 2331
2212 2370
2212 2460
2212 2500
2212 2559
2212 2560
2212 2564
2212 2601
2212 2611
2212 2624
2212 2654
2213 2299
2213 2352
2213 2386
2213 2553
2213 2606
2214 2406
2215 2267
2215 2283
2215 2336
2215 2384
2216 2352
2216 2409
2216 2410
2216 2504
2216 2539
2216 2593
2216 2615
2218 2220
2218 2244
2218 2339
2218 2347
2218 2369
2218 2387
2218 2467
2218 2492
2218 2499
2218 2500
2218 2526
2218 2573
2218 2574
2218 2606
2220 2261
2220 2290
2220 2323
2220 2329
2220 2392
2220 2423
2220 2446
2220 2460
2220 2520
2220 2550
2220 2554
2220 2561
2220 2604
2220 2624
2221 2222
2221 2344
2221 2394
2221 2415
2222 2432
2222 2438
2222 2568
2223 2250
2223 2384
2223 2436
2223 2445
2223 2451
2223 2458
2223 2516
2223 2594
2223 2598
2224 2273
2224 2294
2224 2295
2224 2328
2224 2333
2224 2347
2224 2351
2224 2436
2225 2620
2226 2498
2226 2581
2227 2558
2228 2371
2228 2448
2229 2240
2229 2278
2229 2299
2229 2300
2229 2324
2229 2386
2229 2501
2229 2536
2229 2543
2229 2611
2229 2625
2230 2358
2231 2411
2232 2268
2232 2327
2232 2491
2232 2537
2232 2635
2233 2276
2233 2324
2233 2352
2233 2359
2233 2370
2233 2404
2233 2429
2233 2460
2233 2477
2233 2500
2233 2531
2233 2573
2233 2590
2233 2607
2235 2344
2235 2432
2235 2461
2235 2537
2236 2335
2237 2354
2237 2370
2237 2489
2237 2578
2238 2251
2239 2436
2239 2480
2240 2278
2240 2331
2240 2356
2240 2359
2240 2376
2240 2407
2240 2414
2240 2428
2240 2446
2240 2476
2240 2543
2240 2551
2240 2556
2240 2563
2240 2602
2240 2655
2241 2285
2241 2533
2241 2594
2241 2608
2242 2313
2242 2325
2242 2452
2242 2540
2243 2394
2243 2398
2243 2518
2243 2598
2243 2617
2244 2257
2244 2359
2244 2374
2244 2391
2244 2404
2244 2520
2244 2551
2244 2554
2244 2606
2244 2607
2244 2625
2246 2268
2246 2368
2246 2377
2246 2491
2246 2582
2246 2616
2246 2643
2247 2292
2247 2347
2247 2582
2247 2594
2247 2610
2248 2314
2248 2335
2248 2534
2249 2332
2249 2491
2249 2589
2250 2294
2250 2368
2250 2372
2251 2618
2252 2328
2253 2347
2253 2374
2253 2407
2253 2428
2253 2464
2253 2468
2253 2521
2253 2553
2253 2564
2253 2630
2254 2279
2254 2289
2254 2385
2254 2419
2254 2471
2254 2589
2254 2649
2254 2653
2255 2650
2257 2353
2257 2369
2257 2429
2257 2586
2258 2404
2259 2451
2259 2508
2261 2370
2261 2392
2261 2543
2261 2591
2261 2600
2266 2278
2266 2309
2266 2348
2266 2352
2266 2407
2266 2430
2266 2462
2266 2536
2266 2556
2266 2564
2266 2579
2266 2625
2267 2461
2267 2511
2267 2592
2268 2279
2268 2417
2268 2512
2268 2530
2268 2547
2270 2641
2271 2339
2271 2340
2271 2359
2271 2370
2271 2404
2271 2532
2271 2549
2271 2590
2271 2619
2273 2302
2273 2327
2273 2399
2273 2461
2273 2518
2275 2307
2275 2331
2275 2374
2275 2428
2275 2469
2275 2492
2275 2506
2275 2521
2275 2559
2275 2601
2275 2611
2275 2613
2275 2623
2275 2625
2275 2638
2276 2307
2276 2311
2276 2331
2276 2347
2276 2352
2276 2418
2276 2423
2276 2462
2276 2574
2277 2411
2277 2656
2278 2290
2278 2395
2278 2500
2278 2539
2278 2550
2278 2560
2278 2578
2278 2602
2278 2625
2278 2631
2279 2292
2279 2332
2279 2345
2279 2384
2279 2463
2279 2512
2279 2543
2280 2282
2280 2294
2280 2327
2280 2390
2280 2394
2280 2438
2282 2294
2282 2327
2282 2451
2282 2458
2282 2555
2282 2608
2282 2617
2282 2642
2283 2319
2283 2347
2283 2465
2283 2471
2283 2511
2283 2582
2283 2642
2284 2378
2284 2659
2285 2372
2285 2390
2285 2629
2287 2311
2287 2331
2287 2363
2287 2507
2288 2309
2289 2325
2289 2398
2289 2498
2289 2589
2289 2617
2290 2306
2290 2324
2290 2329
2290 2354
2290 2386
2290 2408
2290 2482
2290 2485
2290 2492
2290 2579
2290 2604
2290 2654
2290 2655
2291 2406
2291 2453
2292 2293
2292 2332
2292 2419
2292 2436
2292 2543
2292 2567
2293 2398
2294 2332
2294 2368
2294 2399
2294 2461
2294 2501
2294 2582
2295 2519
2296 2367
2296 2406
2296 2416
2296 2581
2297 2585
2297 2659
2299 2356
2299 2359
2299 2462
2299 2504
2299 2506
2299 2507
2299 2601
2299 2611
2299 2638
2299 2654
2300 2323
2300 2331
2300 2339
2300 2387
2300 2414
2300 2499
2300 2506
2300 2545
2301 2487
2302 2468
2302 2491
2302 2512
2302 2642
2303 2376
2303 2391
2304 2396
2304 2399
2304 2501
2304 2537
2306 2309
2306 2339
2306 2354
2306 2414
2306 2428
2306 2482
2306 2521
2306 2560
2306 2646
2307 2309
2307 2363
2307 2482
2307 2549
2307 2630
2308 2326
2308 2352
2308 2423
2308 2464
2308 2623
2308 2625
2309 2381
2309 2410
2309 2428
2309 2477
2309 2482
2309 2495
2309 2499
2309 2560
2309 2579
2309 2601
2309 2604
2309 2605
2309 2624
2309 2655
2311 2326
2311 2428
2311 2485
2311 2526
2311 2539
2312 2400
2313 2317
2313 2358
2313 2406
2313 2656
2315 2330
2315 2338
2315 2372
2315 2642
2317 2577
2318 2419
2318 2642
2318 2651
2319 2351
2319 2355
2319 2594
2319 2649
2320 2515
2323 2381
2323 2386
2323 2395
2323 2409
2323 2414
2323 2574
2323 2601
2323 2655
2324 2334
2324 2340
2324 2404
2324 2495
2324 2507
2324 2556
2324 2607
2324 2623
2324 2631
2324 2654
2325 2343
2325 2379
2325 2463
2325 2475
2325 2603
2326 2356
2326 2430
2326 2460
2326 2482
2326 2563
2326 2564
2327 2390
2327 2396
2327 2398
2327 2479
2327 2567
2327 2603
2327 2629
2328 2333
2328 2344
2328 2351
2328 2432
2328 2458
2328 2501
2328 2509
2329 2464
2329 2504
2329 2624
2330 2598
2330 2617
2331 2352
2331 2408
2331 2469
2331 2501
2331 2542
2331 2549
2331 2553
2331 2564
2331 2579
2331 2631
2332 2465
2332 2629
2333 2336
2333 2372
2333 2511
2333 2537
2333 2582
2333 2652
2334 2369
2334 2374
2334 2376
2334 2429
2334 2482
2334 2485
2334 2500
2334 2526
2334 2578
2334 2631
2335 2503
2336 2347
2336 2398
2336 2472
2336 2629
2338 2344
2338 2420
2338 2468
2338 2543
2339 2347
2339 2469
2339 2506
2339 2550
2339 2601
2339 2607
2340 2352
2340 2376
2340 2383
2340 2386
2340 2506
2340 2549
2340 2586
2340 2590
2340 2601
2340 2602
2340 2607
2340 2623
2343 2419
2343 2498
2343 2629
2344 2394
2344 2451
2344 2463
2344 2468
2344 2479
2344 2519
2344 2592
2345 2555
2345 2635
2347 2356
2347 2363
2347 2369
2347 2374
2347 2407
2347 2410
2347 2414
2347 2423
2347 2467
2347 2521
2347 2522
2347 2582
2347 2586
2347 2615
2347 2625
2347 2638
2348 2352
2348 2560
2348 2578
2348 2624
2349 2513
2351 2436
2351 2516
2351 2567
2351 2597
2352 2354
2352 2387
2352 2414
2352 2468
2352 2482
2352 2561
2353 2370
2353 2464
2353 2590
2353 2606
2353 2630
2354 2381
2354 2386
2354 2395
2354 2409
2354 2430
2354 2489
2354 2542
2354 2549
2354 2553
2355 2461
2355 2543
2356 2414
2356 2430
2356 2554
2356 2564
2356 2607
2359 2414
2359 2423
2359 2469
2359 2484
2359 2559
2361 2373
2361 2448
2363 2376
2363 2418
2363 2464
2363 2492
2363 2646
2363 2655
2364 2648
2365 2447
2365 2627
2367 2581
2368 2471
2368 2509
2368 2582
2369 2386
2369 2395
2369 2468
2369 2469
2369 2556
2369 2574
2369 2579
2369 2591
2369 2601
2369 2619
2370 2418
2370 2484
2370 2539
2370 2546
2370 2549
2370 2559
2370 2655
2372 2461
2373 2412
2374 2381
2374 2386
2374 2521
2374 2579
2374 2602
2374 2604
2374 2638
2375 2439
2376 2410
2376 2430
2376 2433
2376 2553
2376 2578
2376 2602
2376 2604
2376 2619
2376 2646
2377 2384
2377 2419
2377 2461
2377 2463
2377 2471
2377 2652
2381 2391
2381 2408
2381 2414
2381 2423
2381 2507
2381 2526
2382 2456
2383 2564
2384 2396
2384 2415
2384 2417
2384 2451
2384 2472
2384 2510
2384 2512
2384 2529
2384 2555
2384 2588
2385 2398
2386 2428
2386 2504
2386 2507
2386 2543
2386 2593
2387 2410
2387 2454
2390 2434
2390 2479
2390 2652
2391 2395
2391 2553
2391 2576
2391 2623
2392 2553
2392 2574
2392 2575
2392 2590
2393 2404
2394 2396
2394 2547
2394 2571
2394 2603
2395 2462
2395 2520
2395 2526
2395 2578
2395 2593
2395 2600
2395 2615
2396 2432
2396 2465
2396 2491
2396 2511
2398 2471
2398 2496
2398 2501
2398 2542
2398 2582
2398 2592
2398 2594
2398 2653
2399 2461
2399 2466
2399 2471
2399 2516
2399 2649
2401 2426
2401 2594
2401 2622
2401 2650
2404 2506
2404 2520
2404 2607
2404 2638
2406 2514
2407 2414
2407 2655
2408 2546
2408 2602
2408 2625
2409 2428
2409 2489
2409 2549
2409 2561
2409 2591
2410 2430
2410 2467
2410 2468
2410 2482
2410 2484
2410 2499
2410 2539
2410 2559
2410 2600
2410 2623
2412 2424
2412 2628
2414 2464
2414 2477
2414 2482
2414 2489
2414 2586
2414 2590
2414 2601
2416 2641
2417 2538
2418 2464
2418 2550
2418 2564
2418 2602
2419 2511
2419 2512
2419 2588
2420 2598
2423 2549
2423 2553
2423 2611
2423 2625
2423 2654
2425 2468
2425 2642
2426 2510
2427 2429
2427 2611
2428 2429
2428 2477
2428 2489
2428 2500
2428 2521
2428 2526
2428 2553
2428 2563
2428 2575
2428 2601
2428 2623
2428 2646
2429 2449
2429 2489
2429 2590
2430 2464
2431 2558
2433 2464
2433 2495
2433 2500
2433 2507
2433 2546
2433 2549
2433 2560
2433 2586
2435 2538
2436 2451
2436 2491
2436 2588
2440 2618
2443 2622
2443 2635
2445 2458
2445 2491
2446 2460
2446 2526
2446 2586
2446 2593
2447 2648
2447 2658
2448 2540
2458 2491
2458 2508
2458 2537
2459 2529
2460 2485
2460 2551
2460 2564
2460 2607
2462 2467
2462 2482
2462 2550
2462 2586
2462 2602
2462 2615
2463 2471
2463 2598
2464 2482
2464 2619
2464 2624
2465 2543
2467 2468
2468 2485
2468 2520
2468 2555
2468 2578
2468 2594
2468 2611
2468 2615
2468 2625
2468 2631
2469 2553
2469 2623
2469 2638
2471 2537
2471 2543
2472 2543
2472 2597
2473 2589
2473 2594
2473 2608
2474 2570
2476 2576
2476 2611
2477 2500
2477 2507
2477 2590
2478 2646
2479 2603
2479 2617
2480 2518
2482 2507
2482 2561
2482 2607
2484 2485
2484 2492
2484 2532
2484 2549
2484 2604
2484 2630
2484 2655
2485 2507
2485 2560
2485 2630
2485 2638
2488 2523
2488 2570
2489 2638
2491 2509
2491 2617
2491 2635
2491 2643
2492 2532
2492 2546
2492 2574
2492 2578
2492 2601
2492 2638
2494 2639
2494 2660
2495 2551
2495 2607
2495 2630
2496 2629
2498 2592
2499 2521
2499 2526
2499 2559
2499 2607
2500 2504
2500 2521
2500 2536
2500 2546
2500 2573
2500 2600
2501 2509
2501 2617
2502 2649
2504 2526
2504 2551
2504 2556
2504 2590
2504 2615
2504 2619
2504 2624
2504 2638
2506 2574
2506 2575
2506 2600
2507 2611
2508 2598
2509 2511
2509 2582
2509 2642
2510 2533
2510 2588
2510 2616
2511 2594
2511 2597
2513 2622
2516 2605
2518 2519
2518 2642
2519 2649
2520 2549
2520 2550
2520 2560
2520 2600
2521 2551
2521 2560
2521 2586
2525 2642
2526 2550
2526 2601
2526 2606
2530 2560
2532 2542
2532 2615
2533 2555
2533 2598
2533 2635
2536 2542
2539 2542
2539 2560
2539 2600
2539 2604
2539 2607
2539 2655
2540 2642
2542 2556
2542 2563
2542 2564
2542 2590
2542 2593
2542 2607
2542 2624
2543 2551
2543 2575
2543 2606
2546 2560
2546 2574
2546 2615
2546 2623
2549 2553
2549 2578
2550 2551
2550 2561
2550 2578
2550 2586
2550 2615
2551 2552
2551 2554
2551 2563
2551 2646
2552 2607
2553 2578
2553 2611
2553 2615
2553 2631
2554 2586
2554 2602
2556 2601
2556 2655
2559 2564
2559 2607
2559 2615
2559 2619
2559 2625
2560 2593
2560 2601
2560 2615
2561 2564
2561 2602
2561 2607
2561 2654
2564 2590
2564 2602
2564 2615
2564 2630
2567 2609
2570 2587
2573 2593
2573 2607
2573 2625
2574 2600
2574 2630
2576 2578
2577 2587
2578 2593
2578 2624
2578 2630
2578 2655
2579 2624
2583 2639
2585 2626
2586 2593
2586 2604
2588 2629
2590 2631
2591 2601
2591 2655
2592 2643
2598 2608
2598 2609
2598 2642
2600 2611
2600 2625
2601 2654
2602 2611
2603 2652
2604 2625
2604 2655
2607 2611
2607 2638
2611 2625
2615 2623
2617 2653
2618 2628
2619 2654
2620 2647
2622 2650
2623 2624
2624 2630
2625 2654
2627 2647
2630 2638
2631 2655
2633 2659
2639 2645
2646 2654
2654 2655
2657 2660
2661 2674
2661 2785
2661 2863
2661 2869
2661 2973
2661 3132
2661 3247
2661 3280
2661 3302
2661 3332
2662 3118
2662 3274
2663 2710
2663 2738
2664 2745
2664 2890
2664 2910
2664 2919
2664 2925
2664 2960
2664 2988
2664 3363
2665 2753
2665 3249
2665 3330
2665 3337
2666 2839
2666 2913
2666 2917
2666 2966
2666 3047
2666 3064
2666 3098
2666 3108
2666 3384
2667 2762
2667 2868
2667 3087
2668 3204
2668 3215
2668 3291
2669 2689
2669 2738
2669 2777
2669 2897
2669 2910
2669 2960
2669 2966
2669 3004
2669 3184
2669 3324
2669 3426
2670 2767
2671 3091
2672 2708
2672 2781
2672 3113
2672 3298
2672 3386
2673 2839
2673 3414
2674 2770
2674 2793
2674 3102
2674 3113
2674 3288
2674 3397
2674 3416
2674 3434
2675 3150
2675 3154
2675 3253
2675 3341
2676 2873
2676 2877
2676 2897
2676 2994
2676 3250
2676 3363
2679 2741
2679 2763
2679 2924
2679 2966
2679 2987
2679 3119
2679 3238
2679 3363
2680 2743
2680 3149
2680 3304
2681 3129
2682 3001
2683 2931
2683 2956
2683 3123
2683 3129
2683 3363
2683 3426
2684 2797
2684 2976
2684 3079
2684 3258
2685 2957
2685 3061
2686 3034
2686 3115
2686 3404
2687 3194
2687 3345
2689 2705
2689 2907
2689 3064
2689 3096
2690 2735
2690 3275
2694 2755
2694 2800
2694 3085
2694 3226
2694 3388
2695 2839
2695 3303
2696 3107
2698 2757
2698 2827
2698 2839
2698 2940
2698 3033
2698 3052
2698 3142
2698 3417
2700 2784
2700 2848
2700 2957
2701 3079
2701 3182
2701 3262
2701 3350
2702 2859
2703 2834
2703 2889
2705 2815
2705 2969
2706 2761
2706 2910
2706 2920
2706 2960
2706 3056
2706 3220
2707 2719
2708 3076
2708 3115
2708 3258
2708 3396
2709 3307
2710 2851
2711 2921
2711 2989
2711 3198
2712 2950
2712 2991
2712 3132
2712 3201
2713 2729
2713 3007
2713 3224
2713 3321
2713 3344
2715 2831
2715 2859
2715 3393
2716 2742
2716 2753
2716 2990
2716 3002
2716 3017
2716 3082
2716 3107
2716 3110
2716 3260
2716 3287
2716 3288
2716 3291
2716 3347
2717 2815
2717 2916
2717 3226
2717 3250
2717 3339
2718 2932
2718 3236
2718 3402
2719 2742
2719 2785
2719 2992
2719 3005
2719 3035
2719 3288
2719 3330
2719 3344
2719 3378
2719 3391
2719 3396
2719 3406
2720 2753
2720 3087
2720 3154
2720 3239
2724 2957
2724 3118
2724 3177
2724 3207
2724 3308
2724 3359
2724 3370
2726 2890
2727 2840
2728 3285
2729 2907
2729 3123
2729 3394
2730 2768
2730 2871
2730 3162
2730 3189
2730 3255
2731 2786
2731 3084
2731 3114
2731 3137
2733 2894
2733 2937
2733 3434
2734 2848
2734 3287
2735 2844
2735 2976
2735 3244
2735 3307
2736 2771
2737 2845
2737 2991
2737 3154
2738 2786
2738 2977
2738 3090
2738 3243
2739 2829
2739 2951
2739 3326
2741 2786
2741 2806
2741 3026
2741 3293
2742 2937
2742 2991
2742 3212
2742 3277
2742 3396
2743 2943
2743 3036
2743 3114
2743 3417
2744 2762
2745 2994
2745 3153
2746 2986
2748 2818
2748 2869
2748 3076
2748 3082
2748 3198
2748 3397
2748 3406
2749 2777
2749 2960
2749 3096
2749 3149
2749 3364
2750 2754
2750 2782
2750 2867
2750 2872
2750 2945
2750 2969
2750 3149
2750 3226
2751 3215
2751 3302
2752 2962
2753 2976
2753 3051
2753 3070
2753 3120
2753 3261
2753 3321
2753 3406
2754 2854
2754 2862
2754 2877
2754 2966
2754 2974
2754 3022
2754 3026
2754 3108
2754 3166
2754 3232
2754 3417
2755 2872
2755 2890
2755 2910
2755 2927
2755 2993
2755 3056
2755 3195
2755 3232
2756 2887
2756 2929
2756 3220
2757 2815
2757 2919
2757 2966
2757 3022
2757 3064
2758 2951
2758 3154
2758 3233
2758 3253
2758 3365
2758 3366
2759 2836
2759 2909
2759 3286
2759 3383
2761 2966
2761 3324
2763 2806
2763 2890
2763 2974
2763 3324
2763 3426
2764 3201
2764 3302
2765 2770
2765 2853
2765 3021
2765 3101
2765 3201
2765 3344
2766 2924
2767 2959
2768 2918
2768 3072
2770 3277
2771 3214
2772 2996
2772 3256
2773 2929
2773 2931
2773 2977
2773 3004
2773 3293
2775 3051
2775 3366
2776 3271
2777 2806
2777 2815
2777 2864
2777 2884
2777 2912
2777 2925
2777 2985
2777 3056
2777 3433
2778 2863
2778 3109
2778 3150
2778 3169
2778 3199
2778 3201
2778 3280
2778 3377
2780 2785
2780 2846
2780 2871
2780 2950
2780 3109
2780 3198
2780 3211
2780 3265
2780 3352
2781 2796
2781 3049
2781 3076
2781 3136
2781 3148
2781 3297
2781 3397
2782 2786
2782 2800
2782 2854
2782 2966
2782 3047
2782 3078
2782 3324
2782 3339
2782 3364
2784 2848
2784 3259
2785 3041
2785 3280
2785 3335
2786 2839
2786 2866
2786 2877
2786 2906
2786 2969
2786 3022
2786 3054
2786 3090
2786 3104
2786 3384
2786 3435
2787 2939
2787 3070
2787 3116
2789 2851
2789 3104
2791 3136
2793 2849
2793 2853
2793 2937
2793 3046
2793 3070
2793 3106
2793 3146
2793 3206
2793 3267
2793 3345
2794 3073
2794 3417
2795 3046
2796 2894
2796 2921
2796 2991
2796 3111
2796 3199
2800 2827
2800 2839
2800 2854
2800 2864
2800 2872
2800 2943
2800 3033
2800 3174
2800 3284
2803 3211
2806 2920
2806 2927
2806 3000
2806 3004
2807 3231
2809 3010
2809 3090
2810 2867
2810 2874
2810 2974
2810 3117
2810 3135
2810 3362
2811 3331
2812 3287
2813 3171
2815 2920
2815 3065
2815 3226
2815 3232
2816 2865
2816 3256
2818 2882
2818 2946
2819 2996
2819 3035
2819 3289
2822 3164
2822 3361
2823 2845
2823 2894
2823 3011
2823 3182
2823 3267
2823 3434
2824 2962
2827 2872
2827 3096
2828 2875
2828 3035
2828 3106
2828 3113
2828 3152
2828 3351
2828 3377
2828 3391
2828 3396
2829 3062
2830 3019
2831 2863
2831 3214
2832 2958
2832 3256
2832 3267
2833 2849
2833 2936
2833 2937
2833 2973
2833 3035
2833 3051
2833 3082
2833 3101
2833 3253
2833 3320
2833 3347
2833 3396
2833 3406
2835 2924
2835 3417
2839 2906
2839 2920
2839 2940
2839 2946
2839 2948
2839 2956
2839 3108
2839 3339
2839 3426
2840 2992
2840 3002
2840 3396
2841 2858
2841 3081
2841 3208
2841 3259
2843 2955
2843 3187
2843 3255
2843 3369
2844 2871
2844 2894
2844 3027
2844 3365
2845 2892
2845 3118
2845 3298
2846 3046
2846 3058
2846 3209
2846 3397
2847 2965
2847 3255
2848 2996
2848 3214
2848 3306
2849 2869
2849 2939
2849 3206
2849 3299
2849 3332
2849 3335
2850 2916
2851 3090
2851 3348
2851 3392
2853 2863
2853 3101
2853 3267
2853 3320
2853 3347
2853 3416
2854 2931
2854 2944
2854 3080
2854 3184
2854 3213
2856 2979
2856 3099
2856 3342
2858 3075
2861 3200
2862 2890
2862 2912
2862 2927
2862 2960
2862 2969
2862 3000
2862 3014
2862 3084
2862 3174
2862 3293
2862 3364
2862 3387
2863 3049
2863 3120
2863 3247
2863 3349
2864 2911
2864 2969
2864 3096
2864 3324
2864 3362
2865 3124
2866 2890
2866 2911
2866 2917
2866 2919
2866 2925
2866 2986
2866 2994
2866 3065
2866 3084
2866 3098
2866 3339
2866 3390
2867 2906
2867 2910
2867 2928
2867 3184
2867 3195
2867 3243
2869 3113
2869 3199
2869 3239
2869 3277
2869 3396
2869 3397
2871 2950
2871 2955
2871 3043
2871 3337
2872 2909
2872 2911
2872 2993
2872 3026
2872 3078
2872 3294
2872 3339
2872 3430
2873 2905
2873 2956
2873 3000
2873 3022
2873 3033
2873 3339
2874 2887
2874 3238
2874 3293
2874 3363
2875 2976
2875 3079
2875 3179
2875 3182
2875 3272
2875 3350
2875 3386
2876 3331
2877 2880
2877 2891
2877 2905
2877 2915
2877 3004
2877 3040
2877 3064
2877 3184
2877 3202
2877 3426
2878 2904
2878 3249
2879 2889
2879 2982
2879 3314
2879 3318
2880 2905
2880 2966
2880 3184
2880 3362
2881 3019
2881 3112
2881 3133
2881 3188
2882 3027
2882 3124
2883 3223
2887 2956
2887 3090
2888 3130
2889 2959
2889 3155
2890 2985
2890 3078
2892 3001
2892 3086
2893 3159
2894 3017
2894 3076
2894 3253
2894 3306
2894 3381
2896 3085
2896 3228
2896 3324
2896 3436
2897 2986
2897 3000
2900 3077
2900 3207
2901 3049
2901 3150
2901 3167
2901 3201
2901 3291
2904 2946
2904 3152
2904 3214
2904 3267
2904 3291
2904 3298
2904 3306
2905 3022
2905 3026
2905 3078
2905 3304
2905 3362
2906 2915
2906 2940
2906 3022
2906 3033
2906 3054
2906 3104
2906 3324
2906 3339
2906 3362
2907 3417
2907 3433
2908 2909
2908 2911
2908 2927
2909 2916
2909 2940
2909 3000
2909 3104
2909 3348
2910 2913
2910 2928
2910 2974
2910 3114
2911 3033
2911 3096
2911 3226
2912 3014
2912 3022
2912 3339
2912 3417
2913 2956
2913 3054
2913 3104
2914 3038
2914 3214
2915 2924
2915 2931
2915 2988
2915 3004
2915 3010
2915 3014
2915 3029
2915 3078
2915 3084
2915 3158
2915 3226
2915 3304
2916 3022
2916 3096
2916 3098
2916 3149
2917 3129
2917 3195
2918 3196
2919 2940
2919 3073
2919 3108
2920 2927
2920 3033
2920 3054
2920 3098
2920 3184
2920 3284
2920 3348
2920 3417
2920 3426
2921 3017
2921 3034
2921 3221
2923 3046
2925 2940
2925 3040
2925 3085
2925 3174
2925 3226
2925 3304
2926 3429
2927 2946
2927 2960
2927 3000
2927 3033
2927 3044
2927 3387
2928 2977
2928 3363
2928 3384
2928 3426
2929 2931
2929 2993
2929 3220
2929 3364
2929 3417
2929 3433
2930 3131
2930 3181
2931 3085
2931 3384
2931 3435
2932 3016
2932 3111
2932 3255
2932 3299
2932 3330
2934 3001
2936 3152
2936 3172
2936 3330
2936 3344
2936 3397
2936 3434
2937 3101
2937 3145
2937 3179
2937 3224
2937 3262
2937 3397
2938 3396
2939 3082
2939 3094
2939 3113
2939 3148
2939 3185
2939 3397
2940 3078
2940 3426
2941 3361
2942 3304
2943 2944
2943 2974
2943 3226
2943 3284
2943 3286
2943 3293
2943 3301
2944 3056
2944 3064
2944 3065
2944 3085
2946 3104
2946 3363
2947 3001
2947 3154
2949 3028
2949 3128
2950 3060
2950 3101
2950 3182
2950 3198
2951 3100
2951 3106
2951 3171
2951 3253
2951 3313
2951 3353
2951 3360
2953 3084
2953 3104
2953 3364
2954 3221
2954 3327
2955 3087
2955 3236
2955 3337
2955 3369
2955 3385
2955 3395
2955 3403
2956 2981
2956 2987
2956 2993
2956 3123
2956 3195
2956 3362
2956 3364
2956 3384
2956 3435
2957 3263
2958 2976
2958 3295
2958 3331
2958 3386
2959 2982
2960 2974
2960 3022
2960 3129
2960 3174
2960 3414
2962 3373
2964 3326
2965 3148
2965 3328
2965 3378
2966 2993
2966 3014
2966 3040
2966 3056
2966 3085
2966 3119
2966 3257
2966 3284
2966 3339
2966 3362
2966 3390
2967 3004
2967 3213
2967 3324
2967 3363
2968 3020
2968 3077
2969 2974
2969 3339
2970 3035
2970 3106
2970 3280
2970 3344
2970 3411
2973 3035
2973 3060
2973 3101
2973 3206
2973 3223
2973 3360
2973 3396
2973 3406
2974 3073
2974 3426
2975 3105
2976 3060
2976 3261
2976 3298
2976 3434
2977 3000
2977 3084
2977 3119
2977 3293
2978 3059
2978 3139
2979 3101
2981 3158
2982 3309
2982 3325
2983 3012
2985 3426
2986 3029
2986 3426
2987 3090
2988 3026
2988 3234
2989 3291
2989 3345
2989 3406
2990 3241
2991 3204
2991 3265
2991 3297
2991 3330
2991 3351
2991 3378
2992 3132
2992 3201
2992 3267
2992 3347
2994 3090
2996 3117
2996 3140
2997 3012
2997 3020
2997 3081
2999 3253
2999 3361
3000 3025
3000 3119
3000 3166
3000 3232
3000 3238
3000 3363
3000 3433
3001 3246
3001 3331
3001 3373
3002 3072
3002 3089
3002 3162
3002 3186
3002 3221
3002 3291
3002 3295
3004 3054
3004 3426
3005 3011
3005 3017
3005 3113
3005 3151
3005 3302
3010 3090
3010 3231
3010 3269
3010 3390
3011 3179
3012 3020
3013 3260
3013 3360
3014 3029
3014 3387
3015 3287
3016 3208
3017 3101
3017 3111
3017 3192
3017 3198
3017 3328
3017 3378
3018 3086
3018 3168
3018 3346
3019 3086
3019 3100
3019 3168
3019 3210
3019 3386
3020 3201
3021 3035
3021 3101
3021 3320
3022 3047
3022 3078
3023 3363
3024 3107
3024 3160
3025 3119
3026 3184
3026 3324
3027 3051
3027 3072
3027 3136
3027 3292
3029 3073
3032 3140
3032 3187
3032 3236
3033 3052
3033 3174
3034 3365
3035 3038
3035 3070
3035 3101
3035 3145
3035 3206
3035 3347
3035 3351
3036 3073
3036 3364
3038 3089
3038 3330
3038 3380
3039 3274
3039 3320
3040 3195
3040 3348
3040 3387
3041 3240
3041 3299
3041 3352
3042 3090
3045 3059
3046 3140
3046 3345
3048 3342
3049 3102
3049 3188
3049 3280
3049 3351
3051 3082
3051 3132
3051 3140
3051 3182
3051 3261
3051 3274
3052 3232
3052 3286
3054 3119
3054 3184
3054 3195
3055 3074
3056 3220
3056 3426
3058 3360
3060 3182
3060 3185
3062 3069
3062 3177
3062 3219
3064 3163
3064 3348
3065 3108
3065 3195
3065 3226
3067 3157
3068 3162
3069 3191
3069 3366
3070 3082
3070 3101
3070 3120
3070 3240
3070 3302
3072 3118
3072 3385
3074 3147
3076 3396
3077 3273
3077 3371
3077 3412
3078 3250
3078 3284
3078 3339
3078 3387
3078 3435
3079 3332
3079 3351
3079 3386
3080 3090
3080 3317
3081 3196
3081 3208
3081 3341
3082 3148
3082 3335
3082 3381
3082 3397
3082 3409
3084 3137
3084 3166
3084 3293
3084 3364
3084 3387
3085 3238
3086 3177
3086 3207
3087 3136
3087 3187
3087 3219
3087 3321
3087 3385
3088 3291
3089 3106
3090 3104
3090 3220
3090 3257
3090 3364
3093 3154
3093 3274
3093 3357
3093 3380
3094 3145
3094 3204
3095 3153
3095 3324
3095 3426
3096 3339
3096 3362
3097 3117
3097 3150
3097 3157
3097 3302
3097 3340
3098 3348
3098 3364
3098 3387
3100 3154
3101 3152
3101 3155
3101 3225
3101 3297
3101 3320
3101 3391
3102 3132
3102 3252
3102 3267
3102 3277
3102 3280
3102 3330
3103 3207
3103 3410
3104 3363
3106 3239
3106 3345
3106 3397
3106 3434
3107 3198
3108 3149
3111 3150
3111 3219
3111 3253
3111 3280
3111 3353
3111 3377
3111 3422
3112 3378
3113 3120
3113 3132
3113 3145
3113 3201
3113 3297
3113 3350
3114 3435
3115 3265
3116 3120
3116 3169
3116 3206
3116 3239
3116 3298
3116 3332
3116 3344
3116 3350
3116 3351
3117 3173
3117 3302
3118 3145
3119 3324
3119 3387
3120 3291
3120 3299
3120 3321
3120 3416
3120 3434
3124 3256
3132 3206
3132 3260
3132 3316
3132 3330
3132 3416
3135 3158
3136 3369
3136 3419
3137 3139
3137 3166
3137 3257
3137 3400
3137 3430
3140 3214
3140 3313
3140 3353
3140 3393
3142 3284
3144 3235
3145 3169
3145 3204
3145 3291
3145 3320
3146 3152
3146 3201
3146 3206
3146 3297
3146 3344
3146 3419
3149 3237
3150 3201
3150 3252
3150 3272
3150 3342
3150 3360
3151 3326
3151 3431
3152 3252
3152 3329
3152 3396
3152 3419
3153 3392
3154 3411
3157 3327
3159 3405
3161 3176
3161 3245
3162 3331
3168 3295
3169 3316
3169 3335
3170 3172
3170 3378
3170 3396
3172 3198
3172 3199
3173 3335
3174 3195
3176 3223
3177 3203
3177 3366
3178 3415
3179 3205
3179 3280
3179 3351
3179 3397
3182 3258
3182 3272
3182 3298
3182 3353
3184 3390
3184 3414
3185 3274
3185 3278
3185 3347
3185 3396
3185 3434
3186 3295
3186 3350
3187 3337
3187 3404
3188 3201
3188 3209
3188 3277
3189 3198
3189 3219
3190 3248
3190 3327
3191 3233
3191 3434
3194 3209
3194 3260
3194 3360
3195 3232
3196 3369
3197 3321
3198 3201
3198 3255
3198 3397
3199 3330
3201 3261
3201 3347
3201 3351
3201 3360
3202 3232
3203 3224
3203 3342
3204 3267
3204 3297
3204 3347
3205 3278
3206 3247
3206 3391
3207 3241
3207 3412
3208 3214
3210 3411
3211 3330
3212 3240
3212 3321
3213 3220
3213 3234
3215 3307
3218 3354
3219 3365
3221 3389
3223 3371
3223 3412
3224 3313
3224 3397
3226 3339
3231 3400
3233 3240
3234 3324
3236 3369
3238 3257
3238 3387
3239 3330
3239 3347
3240 3291
3240 3299
3240 3342
3240 3344
3240 3397
3243 3384
3247 3280
3247 3391
3248 3395
3252 3347
3253 3327
3253 3369
3253 3404
3254 3343
3257 3364
3257 3433
3258 3360
3259 3337
3261 3262
3261 3422
3262 3411
3263 3278
3263 3279
3264 3402
3265 3267
3265 3316
3265 3419
3272 3422
3274 3377
3275 3318
3277 3320
3277 3434
3278 3335
3278 3361
3280 3327
3280 3350
3280 3360
3281 3320
3287 3377
3288 3360
3288 3397
3291 3297
3291 3330
3291 3332
3291 3341
3291 3347
3293 3363
3293 3384
3295 3356
3296 3434
3298 3381
3299 3397
3303 3426
3307 3341
3307 3374
3309 3311
3309 3318
3311 3325
3311 3382
3316 3344
3316 3419
3319 3393
3320 3332
3322 3336
3324 3388
3326 3327
3330 3396
3332 3403
3335 3397
3342 3345
3342 3403
3342 3406
3345 3391
3346 3415
3347 3366
3347 3396
3347 3397
3347 3416
3362 3417
3362 3435
3363 3414
3364 3384
3366 3370
3376 3402
3376 3425
3402 3425
3406 3434
3412 3420
3422 3434
3437 3439
3437 3451
3437 3466
3437 3474
3437 3482
3437 3488
3437 3501
3437 3528
3437 3529
3437 3552
3437 3562
3437 3575
3437 3576
3437 3592
3437 3595
3437 3596
3437 3611
3437 3614
3437 3632
3437 3633
3437 3648
3437 3659
3437 3669
3437 3671
3437 3678
3437 3690
3437 3698
3437 3711
3437 3716
3437 3722
3437 3735
3437 3737
3437 3746
3437 3760
3437 3763
3437 3766
3437 3775
3437 3778
3437 3791
3437 3797
3437 3802
3437 3812
3437 3821
3437 3828
3437 3832
3437 3840
3437 3848
3437 3855
3437 3856
3437 3857
3437 3871
3437 3877
3437 3879
3437 3899
3437 3902
3437 3904
3437 3905
3437 3906
3437 3914
3437 3916
3437 3917
3437 3925
3437 3929
3437 3932
3437 3937
3437 3960
3437 3963
3437 3964
3437 3965
3438 3449
3438 3545
3439 3699
3440 3851
3441 3538
3442 3599
3442 3791
3442 3867
3443 3972
3445 3628
3446 3863
3447 3624
3448 3501
3448 3684
3449 3456
3449 3480
3450 3596
3450 3604
3450 3642
3450 3790
3452 3573
3455 3505
3455 3521
3455 3588
3455 3608
3455 3753
3455 3773
3455 3867
3456 3609
3456 3750
3456 3831
3456 3884
3457 3830
3458 3793
3458 3822
3458 3951
3460 3515
3460 3972
3462 3596
3462 3611
3462 3672
3463 3793
3463 3794
3463 3909
3464 3474
3464 3634
3464 3829
3464 3915
3465 3579
3465 3757
3465 3836
3465 3918
3468 3535
3468 3823
3468 3881
3468 3956
3469 3752
3469 3881
3470 3773
3471 3540
3471 3902
3472 3598
3472 3685
3473 3743
3474 3634
3475 3966
3476 3759
3476 3957
3477 3651
3477 3756
3478 3696
3478 3776
3478 3933
3478 3967
3479 3639
3480 3625
3480 3830
3481 3613
3481 3649
3484 3831
3484 3940
3484 3971
3486 3506
3486 3569
3486 3793
3486 3803
3486 3870
3486 3951
3488 3824
3488 3902
3490 3580
3490 3624
3490 3682
3490 3905
3491 3540
3492 3521
3492 3930
3493 3648
3493 3903
3495 3545
3495 3577
3495 3618
3495 3692
3495 3943
3496 3547
3496 3775
3497 3940
3498 3713
3498 3862
3499 3534
3499 3564
3499 3719
3500 3508
3500 3655
3500 3933
3501 3586
3501 3674
3501 3889
3502 3864
3503 3804
3503 3959
3504 3723
3505 3753
3506 3515
3506 3569
3506 3706
3506 3895
3506 3896
3507 3555
3508 3728
3509 3906
3511 3648
3514 3670
3514 3672
3514 3730
3514 3737
3514 3860
3516 3883
3517 3586
3517 3756
3518 3604
3518 3640
3518 3707
3518 3804
3518 3832
3519 3708
3519 3774
3521 3615
3521 3666
3521 3769
3521 3773
3521 3778
3521 3948
3522 3872
3522 3979
3523 3613
3523 3639
3523 3883
3524 3786
3525 3780
3526 3543
3526 3862
3527 3542
3527 3672
3527 3702
3528 3545
3528 3611
3528 3687
3528 3800
3528 3930
3529 3554
3529 3568
3529 3601
3529 3738
3532 3803
3534 3593
3534 3612
3534 3617
3535 3623
3535 3694
3535 3758
3538 3541
3539 3583
3539 3584
3540 3563
3540 3596
3540 3667
3540 3693
3541 3725
3542 3596
3542 3604
3542 3707
3542 3730
3542 3817
3542 3824
3543 3859
3544 3808
3545 3557
3545 3578
3545 3640
3545 3684
3545 3731
3545 3756
3545 3790
3545 3804
3545 3828
3545 3838
3545 3852
3546 3624
3546 3679
3547 3684
3547 3950
3553 3644
3553 3769
3555 3604
3555 3777
3557 3640
3557 3702
3558 3593
3558 3620
3558 3826
3559 3604
3559 3831
3559 3877
3562 3649
3563 3683
3564 3825
3567 3874
3568 3645
3568 3758
3568 3786
3569 3826
3569 3909
3571 3708
3571 3899
3574 3576
3576 3604
3576 3605
3576 3640
3576 3658
3576 3860
3577 3633
3577 3677
3577 3800
3577 3842
3578 3604
3578 3611
3578 3640
3578 3683
3578 3804
3579 3957
3580 3905
3581 3613
3583 3600
3584 3631
3584 3643
3584 3646
3584 3719
3584 3763
3584 3866
3584 3900
3585 3863
3586 3839
3588 3862
3590 3615
3590 3715
3593 3634
3593 3719
3593 3833
3593 3924
3593 3931
3593 3947
3594 3649
3595 3912
3596 3780
3596 3790
3596 3797
3596 3832
3596 3838
3596 3889
3596 3902
3599 3735
3604 3721
3604 3770
3604 3830
3604 3841
3604 3902
3604 3913
3604 3915
3604 3966
3605 3707
3605 3756
3605 3824
3608 3713
3608 3728
3608 3740
3609 3692
3609 3779
3609 3948
3610 3953
3611 3800
3611 3852
3612 3759
3613 3898
3615 3867
3616 3638
3616 3699
3616 3716
3616 3918
3617 3777
3618 3851
3618 3873
3619 3970
3620 3900
3620 3969
3621 3861
3623 3947
3625 3633
3625 3674
3633 3804
3633 3830
3633 3943
3635 3640
3635 3938
3640 3938
3643 3680
3643 3924
3644 3698
3647 3799
3648 3816
3651 3683
3652 3676
3654 3703
3654 3824
3654 3938
3655 3696
3658 3828
3658 3966
3660 3780
3661 3948
3663 3710
3663 3713
3666 3728
3670 3790
3670 3948
3671 3958
3672 3702
3672 3852
3672 3928
3674 3750
3677 3888
3678 3791
3679 3806
3679 3905
3680 3690
3680 3869
3681 3790
3683 3692
3683 3968
3684 3693
3684 3750
3684 3841
3685 3850
3687 3702
3687 3838
3690 3758
3690 3781
3690 3927
3693 3838
3693 3948
3695 3883
3696 3783
3696 3960
3698 3747
3701 3837
3701 3957
3702 3824
3702 3877
3705 3822
3706 3803
3707 3731
3711 3896
3712 3838
3713 3728
3714 3823
3714 3900
3714 3924
3715 3907
3715 3921
3716 3799
3718 3906
3718 3924
3722 3778
3725 3868
3726 3829
3726 3909
3726 3972
3728 3862
3730 3790
3730 3804
3730 3824
3730 3913
3731 3762
3731 3804
3731 3891
3731 3902
3734 3737
3734 3760
3734 3824
3734 3948
3734 3968
3737 3873
3737 3938
3739 3874
3743 3874
3750 3779
3753 3850
3753 3867
3753 3921
3756 3772
3756 3884
3756 3968
3761 3972
3762 3804
3762 3902
3762 3930
3764 3821
3764 3895
3767 3958
3768 3906
3780 3851
3781 3823
3782 3793
3782 3818
3782 3866
3785 3860
3790 3884
3791 3809
3791 3964
3792 3924
3793 3931
3794 3869
3797 3851
3799 3848
3799 3932
3800 3824
3800 3851
3800 3944
3802 3835
3803 3821
3804 3838
3809 3960
3822 3833
3822 3855
3822 3870
3823 3956
3824 3858
3826 3869
3826 3947
3828 3860
3828 3938
3829 3900
3829 3915
3830 3831
3830 3832
3830 3880
3830 3918
3830 3948
3830 3966
3831 3842
3831 3938
3833 3869
3833 3906
3833 3909
3835 3921
3836 3975
3847 3916
3849 3861
3860 3902
3860 3938
3861 3954
3862 3867
3869 3947
3877 3971
3879 3918
3880 3970
3886 3948
3887 3931
3893 3941
3896 3924
3900 3969
3903 3969
3906 3931
3906 3973
3907 3921
3920 3960
3920 3964
3924 3951
3930 3938
3931 3947
3933 3964
3937 3945
3940 3966
3945 3956
3980 3995
3980 4010
3980 4023
3980 4031
3982 3988
3990 4025
3995 4023
3997 4021
3997 4023
3999 4005
4014 4021
4014 4030
4014 4038
4018 4030
4020 4038
4021 4026
4026 4030
