0 1 3
0 2 4
0 3 4
0 4 2
0 5 1
0 6 2
0 7 3
0 8 3
0 9 3
0 10 2
0 11 1
0 12 3
0 13 1
0 14 1
0 15 4
0 16 7
0 17 3
0 18 1
0 19 2
0 20 2
0 21 2
0 22 5
0 23 7
0 24 1
0 25 2
0 26 4
0 27 2
0 28 2
0 29 5
0 30 2
0 31 4
0 32 1
0 33 1
0 34 2
0 35 2
0 36 2
0 37 1
0 38 3
0 39 5
0 40 2
0 41 1
0 42 5
0 43 3
0 44 5
0 45 10
0 46 2
0 47 1
0 48 1
0 49 3
0 50 8
0 51 8
0 52 8
0 53 1
0 54 6
0 55 2
0 56 3
0 57 1
0 58 3
0 59 2
0 60 2
0 61 4
0 62 1
0 63 2
0 64 3
0 65 1
0 66 4
0 67 2
0 68 2
0 69 8
0 70 3
0 71 7
0 72 3
0 73 1
0 74 1
0 75 4
0 76 2
0 77 1
0 78 4
0 79 7
0 80 4
0 81 2
0 82 2
0 83 1
0 84 7
0 85 2
0 86 2
0 87 5
0 88 2
0 89 1
0 90 3
0 91 3
0 92 1
0 93 2
0 94 13
0 95 6
0 96 2
0 97 4
0 98 2
0 99 2
0 100 2
0 101 2
0 102 2
0 103 2
0 104 2
0 105 1
0 106 2
0 107 6
0 108 2
0 109 1
0 110 3
0 111 1
0 112 2
0 113 4
0 114 1
0 115 1
0 116 4
0 117 1
0 118 1
0 119 5
0 120 2
0 121 3
0 122 2
0 123 2
0 124 6
0 125 2
0 126 11
0 127 5
0 128 2
0 129 1
0 130 10
0 131 1
0 132 11
0 133 2
0 134 2
0 135 1
0 136 4
0 137 3
0 138 3
0 139 3
0 140 9
0 141 2
0 142 1
0 143 2
0 144 2
0 145 1
0 146 3
0 147 1
0 148 3
0 149 5
0 150 3
0 151 5
0 152 6
0 153 1
0 154 4
0 155 1
0 156 1
0 157 2
0 158 1
0 159 2
0 160 2
0 161 5
0 162 2
0 163 2
0 164 3
0 165 5
0 166 2
0 167 2
0 168 4
0 169 1
0 170 5
0 171 3
0 172 4
0 173 3
0 174 9
0 175 1
0 176 4
0 177 2
0 178 2
0 179 1
0 180 3
0 181 2
0 182 2
0 183 7
0 184 2
0 185 1
0 186 1
0 187 2
0 188 4
0 189 2
0 190 2
0 191 3
0 192 3
0 193 1
0 194 3
0 195 3
0 196 2
0 197 1
0 198 2
0 199 1
0 200 8
0 201 6
0 202 1
0 203 2
0 204 5
0 205 2
0 206 5
0 207 1
0 208 3
0 209 3
0 210 1
0 211 1
0 212 1
0 213 11
0 214 1
0 215 2
0 216 2
0 217 1
0 218 11
0 219 7
0 220 4
0 221 6
0 222 1
0 223 2
0 224 2
0 225 8
0 226 6
0 227 5
0 228 1
0 229 2
0 230 1
0 231 4
0 232 1
0 233 5
0 234 4
0 235 1
0 236 4
0 237 3
0 238 4
0 239 4
0 240 2
0 241 2
0 242 3
0 243 3
0 244 4
0 245 2
0 246 8
0 247 2
0 248 1
0 249 2
0 250 5
0 251 2
0 252 5
0 253 1
0 254 1
0 255 2
0 256 1
0 257 1
0 258 3
0 259 5
0 260 1
0 261 4
0 262 2
0 263 3
0 264 4
0 265 3
0 266 2
0 267 2
0 268 3
0 269 2
0 270 3
0 271 2
0 272 3
0 273 1
0 274 2
0 275 3
0 276 1
0 277 8
0 278 3
0 279 2
0 280 3
0 281 2
0 282 1
0 283 6
0 284 6
0 285 4
0 286 2
0 287 2
0 288 2
0 289 7
0 290 1
0 291 5
0 292 1
0 293 8
0 294 1
0 295 4
0 296 2
0 297 1
0 298 3
0 299 2
0 300 3
0 301 3
0 302 4
0 303 2
0 304 5
0 305 2
0 306 4
0 307 3
0 308 1
0 309 3
0 310 1
0 311 1
0 312 3
0 313 4
0 314 4
0 315 3
0 316 2
0 317 3
0 318 2
0 319 5
0 320 4
0 321 4
0 322 3
0 323 2
0 324 5
0 325 3
0 326 2
0 327 4
0 328 3
0 329 5
0 330 2
0 331 3
0 332 2
0 333 1
0 334 4
0 335 1
0 336 4
0 337 3
0 338 3
0 339 2
0 340 3
0 341 2
0 342 2
0 343 1
0 344 1
0 345 5
0 346 1
0 347 4
1 48 8
1 53 1
1 54 3
1 73 2
1 88 3
1 92 1
1 119 4
1 126 7
1 133 6
1 194 2
1 236 4
1 280 1
1 299 7
1 315 3
1 322 1
1 346 3
2 20 2
2 115 2
2 116 3
2 149 1
2 226 3
2 312 4
2 326 3
2 333 3
2 343 1
3 9 1
3 25 2
3 26 2
3 67 3
3 72 3
3 85 3
3 122 2
3 142 1
3 170 2
3 188 8
3 200 3
3 228 2
3 274 5
3 280 2
3 283 2
3 323 5
4 78 6
4 152 4
4 181 2
4 195 3
4 218 2
4 273 2
4 275 1
4 306 11
4 328 2
5 87 2
5 122 1
5 156 4
5 158 2
5 169 1
5 180 2
5 187 4
5 204 5
5 213 3
5 235 2
5 315 4
5 316 3
6 89 3
6 95 3
6 147 2
6 219 1
6 319 2
7 22 3
7 31 3
7 38 2
7 65 3
7 87 5
7 103 3
7 129 3
7 136 4
7 168 4
7 213 5
7 246 4
7 291 2
7 304 1
7 308 6
7 315 2
7 322 3
7 339 1
7 340 3
7 347 2
8 91 1
8 110 1
8 193 2
8 201 3
8 245 1
8 259 1
8 264 1
9 21 1
9 25 5
9 26 2
9 30 7
9 56 2
9 66 2
9 67 4
9 69 2
9 72 4
9 75 2
9 79 4
9 85 7
9 105 1
9 113 4
9 119 1
9 122 1
9 128 2
9 133 4
9 134 6
9 141 1
9 142 2
9 148 2
9 156 1
9 161 2
9 169 2
9 170 2
9 176 4
9 185 1
9 186 2
9 188 8
9 199 2
9 200 5
9 203 4
9 224 5
9 231 3
9 232 3
9 252 1
9 258 1
9 271 5
9 272 5
9 276 10
9 277 2
9 280 1
9 285 1
9 291 4
9 295 2
9 297 8
9 304 3
9 315 8
9 322 2
9 323 1
9 329 4
9 334 5
9 341 5
9 342 2
10 67 1
10 142 2
10 169 2
10 200 2
10 277 1
10 285 2
10 291 2
10 323 3
10 332 2
13 21 1
13 26 1
13 56 1
13 59 1
13 65 1
13 67 1
13 82 4
13 98 3
13 109 1
13 118 3
13 119 1
13 148 2
13 172 1
13 188 2
13 199 5
13 211 6
13 223 3
13 236 4
13 238 2
13 239 1
13 252 3
13 261 3
13 265 3
13 271 2
13 277 3
13 304 3
13 313 2
13 325 3
13 332 1
13 342 2
14 20 2
14 28 1
14 41 3
14 115 1
14 116 10
14 144 3
14 149 3
14 151 6
14 214 1
14 226 3
14 310 1
14 312 3
14 326 4
14 343 3
16 29 1
16 82 3
16 118 4
16 172 1
16 261 2
16 329 1
16 331 2
16 332 3
17 19 3
17 41 5
17 111 3
17 115 3
17 116 3
17 137 3
17 140 1
17 144 2
17 214 4
17 310 2
17 312 5
17 326 5
19 41 2
19 89 4
19 112 3
19 115 4
19 138 4
19 174 4
19 175 4
19 214 2
19 227 4
19 289 1
19 293 4
19 312 6
19 319 11
19 343 5
20 41 4
20 44 2
20 111 1
20 115 4
20 149 2
20 162 10
20 214 2
20 226 3
20 312 4
20 326 2
20 333 6
20 343 2
21 25 3
21 26 5
21 31 2
21 39 1
21 40 3
21 55 2
21 56 5
21 66 2
21 67 3
21 88 1
21 98 2
21 104 2
21 105 3
21 108 3
21 109 2
21 119 1
21 121 2
21 122 1
21 123 2
21 127 13
21 134 2
21 136 4
21 142 2
21 159 3
21 161 3
21 165 3
21 169 3
21 170 1
21 184 3
21 186 3
21 188 1
21 197 4
21 200 2
21 203 1
21 212 3
21 223 1
21 232 1
21 235 4
21 236 1
21 239 6
21 248 2
21 251 1
21 252 1
21 271 3
21 272 1
21 274 1
21 277 1
21 280 2
21 281 1
21 284 2
21 297 1
21 304 7
21 308 1
21 313 4
21 315 5
21 322 2
21 323 6
21 325 6
21 332 4
21 334 6
21 342 1
21 345 4
22 87 4
22 158 1
22 168 1
22 185 3
22 277 2
22 308 7
22 324 3
22 339 9
22 347 2
23 51 6
23 61 4
23 83 1
23 99 3
23 116 2
23 124 1
23 144 3
23 155 7
23 175 3
23 190 2
23 227 5
23 230 2
23 237 1
23 240 1
23 245 2
23 267 1
24 53 5
24 57 1
24 80 2
24 92 5
24 94 2
24 101 13
24 180 1
24 187 2
24 194 3
24 242 3
24 249 3
24 266 5
24 299 1
24 302 6
24 346 1
25 26 3
25 31 2
25 39 2
25 40 7
25 51 2
25 56 4
25 65 2
25 67 3
25 69 4
25 72 1
25 73 4
25 76 4
25 79 2
25 83 3
25 84 1
25 88 2
25 94 4
25 98 1
25 103 6
25 104 4
25 105 3
25 113 2
25 119 3
25 122 4
25 130 2
25 141 1
25 148 2
25 158 1
25 169 3
25 170 3
25 176 1
25 185 2
25 186 2
25 188 1
25 199 2
25 200 4
25 203 2
25 221 2
25 224 4
25 231 1
25 232 1
25 236 3
25 237 1
25 239 6
25 246 2
25 252 3
25 257 2
25 270 4
25 271 3
25 272 2
25 276 3
25 277 3
25 280 4
25 283 1
25 285 1
25 288 3
25 290 2
25 291 3
25 297 1
25 322 3
25 323 4
25 325 4
25 331 8
25 332 2
25 336 4
26 40 2
26 55 6
26 56 6
26 62 5
26 66 4
26 67 2
26 69 7
26 72 5
26 79 1
26 98 2
26 104 2
26 109 1
26 113 3
26 118 3
26 119 5
26 122 3
26 123 2
26 128 3
26 133 1
26 134 2
26 141 10
26 142 2
26 158 2
26 161 5
26 169 5
26 170 2
26 172 3
26 176 2
26 185 2
26 186 5
26 188 2
26 199 10
26 200 1
26 203 1
26 212 1
26 223 2
26 224 3
26 232 3
26 236 3
26 239 1
26 248 4
26 252 3
26 257 4
26 265 5
26 271 4
26 276 2
26 277 2
26 280 4
26 285 2
26 291 3
26 295 2
26 297 7
26 298 6
26 304 1
26 308 4
26 313 1
26 315 1
26 322 1
26 323 1
26 325 4
26 332 1
26 334 4
27 54 2
27 119 7
27 324 1
27 329 4
28 41 3
28 115 2
28 116 2
28 140 3
28 144 2
28 149 4
28 151 2
28 226 2
28 310 3
28 312 5
28 326 2
29 40 1
29 82 1
29 106 1
29 118 2
29 172 1
29 203 3
29 211 5
29 231 2
29 247 3
29 252 3
29 338 3
30 48 1
30 56 2
30 73 3
30 178 5
30 188 5
30 200 3
30 213 5
30 224 3
30 236 2
30 271 3
30 303 1
30 304 1
30 322 3
30 329 11
30 331 1
31 51 1
31 67 2
31 83 2
31 84 2
31 109 2
31 122 4
31 129 6
31 142 2
31 168 7
31 200 2
31 237 5
31 252 2
31 277 1
31 280 4
31 291 2
31 304 4
31 308 2
31 338 4
31 339 1
32 93 3
32 137 2
32 167 3
32 310 6
32 337 8
33 42 1
34 173 5
34 348 2
34 414 6
34 428 2
35 143 1
36 108 1
36 127 3
36 135 3
36 184 1
36 197 6
36 251 1
36 281 1
36 284 1
36 309 2
36 320 3
38 117 1
38 141 2
38 178 2
38 248 4
38 322 1
38 332 10
38 339 1
39 69 1
39 105 2
39 119 3
39 121 5
39 141 2
39 161 14
39 165 2
39 200 2
39 257 8
39 277 2
39 280 2
39 313 1
40 56 2
40 67 2
40 72 1
40 77 4
40 113 2
40 132 4
40 133 2
40 141 1
40 142 1
40 158 4
40 169 4
40 172 4
40 199 1
40 200 2
40 203 2
40 212 3
40 213 3
40 224 1
40 231 2
40 232 3
40 239 3
40 257 4
40 258 3
40 265 4
40 271 6
40 272 4
40 274 2
40 277 3
40 280 1
40 298 3
40 304 4
40 307 5
40 315 3
40 317 10
40 322 2
40 325 4
40 329 4
40 332 2
40 334 1
41 44 1
41 93 2
41 111 3
41 115 4
41 116 2
41 137 1
41 140 5
41 144 11
41 151 2
41 214 2
41 226 2
41 230 2
41 243 5
41 310 3
41 312 3
41 326 2
41 337 8
41 343 2
44 111 4
44 312 1
44 343 2
45 67 3
45 104 3
45 122 5
45 132 5
45 142 2
45 186 5
45 200 2
45 221 3
45 303 6
45 322 4
45 345 7
46 143 2
46 175 1
46 177 3
46 278 2
47 301 1
48 53 2
48 54 7
48 57 4
48 73 1
48 80 2
48 88 3
48 119 1
48 126 2
48 130 1
48 180 1
48 199 2
48 203 6
48 271 4
48 299 3
48 302 2
48 320 3
48 322 3
48 330 2
48 332 3
49 192 4
49 241 7
49 255 3
50 109 2
50 113 2
50 119 1
50 146 2
50 148 2
50 203 2
50 277 3
50 314 3
50 331 1
50 334 5
51 83 4
51 84 2
51 237 2
52 192 3
53 54 4
53 88 7
53 92 2
53 94 1
53 101 1
53 130 4
53 146 1
53 180 2
53 191 1
53 194 3
53 196 1
53 204 4
53 213 1
53 242 2
53 248 5
53 249 5
53 254 2
53 260 3
53 266 5
53 299 4
53 302 4
53 315 3
53 317 5
53 322 2
53 330 6
53 332 2
53 346 6
54 119 1
54 313 1
54 329 2
55 56 2
55 67 3
55 104 5
55 122 1
55 123 3
55 170 4
55 185 1
55 186 1
55 200 1
55 203 2
55 239 1
55 252 2
55 261 1
55 277 5
56 59 1
56 60 4
56 62 3
56 63 2
56 66 1
56 67 2
56 72 1
56 75 4
56 82 1
56 88 4
56 98 5
56 103 3
56 104 2
56 109 1
56 113 9
56 118 3
56 119 2
56 122 2
56 128 4
56 132 2
56 134 2
56 136 5
56 141 9
56 142 1
56 161 3
56 169 3
56 170 8
56 172 4
56 185 1
56 186 2
56 188 5
56 199 2
56 200 11
56 203 5
56 207 2
56 211 3
56 212 6
56 213 5
56 221 4
56 222 6
56 223 1
56 231 2
56 232 2
56 238 4
56 239 11
56 252 1
56 261 2
56 265 1
56 271 1
56 272 6
56 276 3
56 277 3
56 285 2
56 290 3
56 291 5
56 297 1
56 298 4
56 303 1
56 304 3
56 313 1
56 315 2
56 322 2
56 323 3
56 325 4
56 331 2
56 332 2
56 334 2
56 341 3
56 342 4
57 80 2
57 92 5
57 108 3
57 184 5
57 204 2
57 213 6
57 242 2
57 249 2
57 277 3
57 302 2
57 320 5
57 346 2
58 107 2
58 171 1
58 269 1
58 1684 8
58 1912 2
58 2814 5
58 2838 5
58 2885 1
58 3003 5
58 3173 2
58 3290 4
59 82 1
59 98 4
59 118 8
59 172 4
59 186 1
59 203 3
59 211 2
59 238 3
59 239 4
59 250 1
59 252 2
59 261 3
59 268 2
59 271 4
59 325 11
59 342 1
60 158 5
60 239 2
60 285 6
60 291 3
60 313 3
60 322 2
61 193 4
62 67 3
62 96 5
62 98 2
62 122 1
62 130 1
62 133 1
62 141 2
62 142 2
62 161 1
62 170 1
62 186 3
62 199 4
62 200 2
62 223 2
62 224 4
62 236 2
62 239 1
62 261 1
62 276 2
62 318 2
62 322 7
62 323 2
62 341 2
63 261 3
63 271 10
63 313 6
63 342 3
64 100 2
64 119 2
64 150 2
64 171 2
64 189 4
64 217 4
65 82 2
65 118 3
65 203 1
65 252 5
65 261 5
65 297 1
65 314 5
65 339 1
66 67 2
66 113 3
66 122 7
66 134 2
66 142 2
66 239 4
66 252 3
66 304 1
66 308 2
66 334 10
67 69 3
67 72 4
67 75 3
67 79 3
67 82 2
67 98 8
67 104 1
67 109 5
67 113 2
67 118 2
67 119 1
67 122 2
67 123 1
67 128 1
67 134 2
67 136 2
67 141 1
67 142 2
67 156 16
67 158 4
67 161 2
67 169 2
67 170 4
67 185 2
67 186 1
67 188 1
67 196 1
67 199 4
67 200 3
67 203 3
67 212 3
67 213 1
67 223 2
67 224 4
67 236 2
67 239 4
67 248 1
67 252 4
67 261 1
67 265 3
67 271 3
67 272 2
67 277 1
67 280 4
67 285 3
67 290 6
67 297 2
67 303 4
67 304 1
67 308 2
67 313 5
67 315 3
67 322 3
67 323 2
67 324 1
67 325 6
67 332 3
67 334 1
67 342 1
67 344 1
67 345 4
68 99 4
68 143 4
68 175 1
68 177 2
68 225 3
68 227 4
68 263 1
68 296 1
69 105 3
69 121 3
69 236 2
69 304 3
70 230 4
71 230 1
71 307 2
72 113 3
72 132 4
72 141 1
72 165 9
72 172 3
72 199 1
72 200 2
72 212 7
72 232 6
72 239 3
72 252 6
72 271 2
72 272 1
72 291 3
72 298 1
72 329 2
73 88 3
73 126 2
73 130 2
73 299 2
73 331 3
75 85 3
75 170 7
75 188 2
75 200 3
75 258 3
75 272 5
75 274 7
75 304 2
75 322 5
75 323 3
76 270 5
77 117 2
77 231 1
77 294 1
77 332 14
78 181 4
78 195 1
78 218 1
78 273 2
78 275 2
78 306 3
78 328 1
79 119 2
79 185 1
79 188 2
79 200 1
79 252 1
79 271 2
79 272 1
80 88 3
80 92 1
80 94 1
80 101 4
80 173 2
80 180 4
80 187 3
80 194 1
80 204 7
80 213 1
80 242 5
80 249 2
80 266 4
80 299 4
80 300 2
80 315 3
80 320 2
80 330 1
80 346 3
81 269 9
81 286 2
82 84 1
82 98 1
82 118 1
82 119 1
82 121 1
82 123 3
82 148 2
82 158 3
82 169 4
82 170 2
82 172 2
82 199 3
82 203 4
82 211 3
82 222 1
82 231 4
82 238 1
82 252 5
82 261 1
82 268 4
82 271 2
82 313 7
82 314 1
82 318 9
82 325 1
82 331 2
83 84 1
83 237 11
84 224 1
84 236 5
84 237 5
84 265 6
84 276 1
84 304 1
84 313 2
85 156 6
85 170 2
85 176 5
85 188 5
85 258 3
85 271 3
85 272 2
85 274 3
85 322 1
85 323 1
86 175 2
86 177 2
86 225 9
86 227 1
86 278 5
87 136 2
87 161 10
87 213 1
87 246 6
87 291 5
87 308 5
87 315 11
87 322 2
87 339 3
88 106 3
88 126 2
88 130 1
88 164 1
88 178 1
88 186 5
88 236 2
88 242 3
88 303 3
88 322 2
88 336 6
89 95 3
89 147 3
89 219 3
89 319 2
89 327 16
90 179 2
91 110 3
91 193 2
91 201 4
91 245 3
91 259 4
91 264 3
92 94 1
92 101 1
92 180 3
92 187 3
92 194 1
92 196 3
92 204 4
92 242 2
92 249 13
92 254 2
92 266 8
92 299 5
92 302 5
92 330 2
92 346 2
93 111 1
93 137 6
93 167 3
93 310 2
93 337 3
94 101 2
94 180 3
94 187 2
94 194 2
94 204 5
94 242 4
94 249 2
94 254 4
94 266 5
94 299 2
94 300 4
94 302 1
94 315 7
94 320 4
94 330 3
94 346 11
95 147 3
95 319 5
95 327 3
96 133 3
96 190 2
96 213 3
96 224 1
96 274 2
96 314 1
96 323 1
97 182 8
97 230 3
98 103 2
98 104 2
98 109 3
98 113 5
98 118 9
98 119 1
98 122 9
98 123 5
98 128 2
98 141 5
98 148 4
98 170 2
98 172 2
98 186 3
98 199 2
98 200 5
98 203 1
98 211 3
98 223 4
98 238 1
98 239 1
98 252 2
98 258 4
98 261 1
98 265 1
98 271 4
98 272 4
98 276 2
98 277 5
98 280 2
98 285 2
98 291 4
98 304 2
98 313 7
98 315 2
98 325 2
98 331 5
98 332 4
98 342 8
99 102 5
99 131 8
99 143 2
99 175 3
99 177 2
99 225 1
99 227 2
99 263 3
99 278 4
99 296 1
100 119 7
100 150 6
100 163 3
100 189 1
100 217 1
100 269 3
100 323 2
101 180 2
101 187 2
101 194 2
101 204 1
101 242 3
101 249 2
101 254 3
101 266 3
101 299 5
101 302 5
101 317 13
101 330 6
101 346 3
102 175 3
102 227 4
102 263 4
102 296 10
103 136 1
103 169 6
103 172 2
103 185 3
103 200 2
103 211 3
103 252 4
103 271 4
103 285 2
103 323 4
103 339 4
104 109 1
104 113 1
104 122 1
104 123 5
104 128 1
104 142 4
104 169 4
104 186 3
104 188 1
104 200 6
104 203 4
104 212 3
104 239 2
104 252 1
104 271 2
104 277 3
104 295 2
104 303 5
104 318 1
104 322 2
104 325 1
104 332 4
104 344 1
105 119 2
105 148 2
105 236 1
105 257 7
105 272 3
105 277 1
105 280 3
105 315 1
106 169 3
106 231 1
106 238 5
106 329 3
106 332 2
107 171 3
107 348 3
107 353 5
107 363 6
107 366 2
107 376 3
107 389 2
107 414 4
107 420 2
107 428 3
107 475 2
107 483 2
107 484 2
107 517 5
107 526 2
107 538 1
107 563 2
107 566 3
107 580 5
107 596 2
107 601 3
107 606 3
107 629 1
107 637 4
107 641 7
107 649 5
107 651 3
107 896 5
107 897 2
107 898 4
107 899 5
107 900 1
107 901 1
107 902 2
107 903 2
107 904 1
107 905 4
107 906 2
107 907 1
107 908 1
107 909 2
107 910 6
107 911 2
107 912 2
107 913 7
107 914 2
107 915 7
107 916 1
107 917 4
107 918 4
107 919 2
107 920 3
107 921 1
107 922 5
107 923 1
107 924 2
107 925 1
107 926 2
107 927 2
107 928 2
107 929 1
107 930 4
107 931 4
107 932 4
107 933 3
107 934 2
107 935 7
107 936 2
107 937 1
107 938 2
107 939 3
107 940 4
107 941 2
107 942 4
107 943 2
107 944 5
107 945 1
107 946 6
107 947 1
107 948 2
107 949 1
107 950 2
107 951 2
107 952 2
107 953 2
107 954 4
107 955 3
107 956 1
107 957 3
107 958 4
107 959 3
107 960 2
107 961 2
107 962 2
107 963 2
107 964 1
107 965 8
107 966 1
107 967 5
107 968 2
107 969 1
107 970 2
107 971 3
107 972 4
107 973 4
107 974 3
107 975 2
107 976 1
107 977 5
107 978 2
107 979 2
107 980 7
107 981 4
107 982 2
107 983 1
107 984 1
107 985 3
107 986 5
107 987 3
107 988 1
107 989 1
107 990 3
107 991 4
107 992 7
107 993 3
107 994 2
107 995 3
107 996 3
107 997 4
107 998 3
107 999 3
107 1000 5
107 1001 2
107 1002 2
107 1003 1
107 1004 2
107 1005 3
107 1006 2
107 1007 1
107 1008 4
107 1009 4
107 1010 1
107 1011 3
107 1012 2
107 1013 1
107 1014 2
107 1015 6
107 1016 5
107 1017 3
107 1018 6
107 1019 1
107 1020 2
107 1021 2
107 1022 2
107 1023 1
107 1024 5
107 1025 1
107 1026 3
107 1027 1
107 1028 1
107 1029 4
107 1030 1
107 1031 4
107 1032 5
107 1033 2
107 1034 2
107 1035 5
107 1036 4
107 1037 2
107 1038 5
107 1039 4
107 1040 1
107 1041 5
107 1042 1
107 1043 5
107 1044 3
107 1045 2
107 1046 1
107 1047 7
107 1048 2
107 1049 2
107 1050 9
107 1051 7
107 1052 2
107 1053 2
107 1054 2
107 1055 2
107 1056 4
107 1057 1
107 1058 1
107 1059 4
107 1060 3
107 1061 2
107 1062 8
107 1063 1
107 1064 3
107 1065 1
107 1066 3
107 1067 2
107 1068 2
107 1069 6
107 1070 2
107 1071 2
107 1072 2
107 1073 2
107 1074 6
107 1075 3
107 1076 2
107 1077 7
107 1078 2
107 1079 1
107 1080 4
107 1081 5
107 1082 2
107 1083 6
107 1084 3
107 1085 2
107 1086 2
107 1087 6
107 1088 2
107 1089 2
107 1090 2
107 1091 5
107 1092 2
107 1093 1
107 1094 1
107 1095 9
107 1096 4
107 1097 10
107 1098 1
107 1099 2
107 1100 3
107 1101 1
107 1102 4
107 1103 4
107 1104 1
107 1105 2
107 1106 3
107 1107 2
107 1108 5
107 1109 1
107 1110 3
107 1111 2
107 1112 2
107 1113 3
107 1114 4
107 1115 4
107 1116 7
107 1117 2
107 1118 1
107 1119 2
107 1120 2
107 1121 1
107 1122 2
107 1123 3
107 1124 2
107 1125 5
107 1126 1
107 1127 2
107 1128 3
107 1129 2
107 1130 2
107 1131 9
107 1132 1
107 1133 5
107 1134 1
107 1135 7
107 1136 1
107 1137 1
107 1138 1
107 1139 2
107 1140 2
107 1141 3
107 1142 5
107 1143 3
107 1144 7
107 1145 3
107 1146 3
107 1147 2
107 1148 9
107 1149 1
107 1150 4
107 1151 2
107 1152 4
107 1153 3
107 1154 1
107 1155 9
107 1156 3
107 1157 2
107 1158 1
107 1159 4
107 1160 5
107 1161 5
107 1162 8
107 1163 2
107 1164 7
107 1165 6
107 1166 2
107 1167 10
107 1168 3
107 1169 3
107 1170 2
107 1171 3
107 1172 2
107 1173 2
107 1174 2
107 1175 3
107 1176 2
107 1177 1
107 1178 1
107 1179 3
107 1180 3
107 1181 2
107 1182 3
107 1183 3
107 1184 1
107 1185 1
107 1186 2
107 1187 4
107 1188 1
107 1189 5
107 1190 6
107 1191 3
107 1192 4
107 1193 3
107 1194 3
107 1195 1
107 1196 2
107 1197 4
107 1198 3
107 1199 7
107 1200 5
107 1201 5
107 1202 2
107 1203 1
107 1204 3
107 1205 1
107 1206 2
107 1207 3
107 1208 4
107 1209 5
107 1210 4
107 1211 4
107 1212 1
107 1213 1
107 1214 3
107 1215 7
107 1216 5
107 1217 2
107 1218 2
107 1219 4
107 1220 3
107 1221 1
107 1222 1
107 1223 2
107 1224 2
107 1225 1
107 1226 2
107 1227 10
107 1228 2
107 1229 4
107 1230 2
107 1231 1
107 1232 3
107 1233 2
107 1234 4
107 1235 2
107 1236 2
107 1237 1
107 1238 3
107 1239 2
107 1240 1
107 1241 2
107 1242 2
107 1243 4
107 1244 1
107 1245 1
107 1246 1
107 1247 2
107 1248 6
107 1249 3
107 1250 3
107 1251 4
107 1252 3
107 1253 2
107 1254 2
107 1255 3
107 1256 4
107 1257 6
107 1258 6
107 1259 1
107 1260 2
107 1261 3
107 1262 2
107 1263 3
107 1264 6
107 1265 5
107 1266 3
107 1267 2
107 1268 3
107 1269 4
107 1270 2
107 1271 2
107 1272 1
107 1273 2
107 1274 1
107 1275 1
107 1276 4
107 1277 1
107 1278 3
107 1279 2
107 1280 5
107 1281 4
107 1282 5
107 1283 4
107 1284 3
107 1285 3
107 1286 1
107 1287 4
107 1288 1
107 1289 1
107 1290 3
107 1291 2
107 1292 1
107 1293 2
107 1294 2
107 1295 2
107 1296 1
107 1297 5
107 1298 3
107 1299 3
107 1300 2
107 1301 6
107 1302 6
107 1303 3
107 1304 4
107 1305 1
107 1306 1
107 1307 1
107 1308 3
107 1309 2
107 1310 1
107 1311 5
107 1312 2
107 1313 5
107 1314 2
107 1315 2
107 1316 5
107 1317 2
107 1318 4
107 1319 3
107 1320 2
107 1321 7
107 1322 3
107 1323 1
107 1324 2
107 1325 1
107 1326 2
107 1327 3
107 1328 1
107 1329 4
107 1330 2
107 1331 2
107 1332 3
107 1333 5
107 1334 2
107 1335 8
107 1336 1
107 1337 5
107 1338 2
107 1339 2
107 1340 3
107 1341 3
107 1342 2
107 1343 1
107 1344 4
107 1345 6
107 1346 3
107 1347 4
107 1348 1
107 1349 4
107 1350 8
107 1351 2
107 1352 1
107 1353 2
107 1354 4
107 1355 2
107 1356 3
107 1357 2
107 1358 1
107 1359 2
107 1360 6
107 1361 3
107 1362 1
107 1363 3
107 1364 4
107 1365 3
107 1366 2
107 1367 9
107 1368 3
107 1369 3
107 1370 5
107 1371 2
107 1372 3
107 1373 1
107 1374 3
107 1375 4
107 1376 5
107 1377 4
107 1378 3
107 1379 5
107 1380 2
107 1381 5
107 1382 3
107 1383 5
107 1384 2
107 1385 2
107 1386 2
107 1387 1
107 1388 1
107 1389 2
107 1390 3
107 1391 3
107 1392 6
107 1393 1
107 1394 7
107 1395 4
107 1396 1
107 1397 5
107 1398 4
107 1399 2
107 1400 6
107 1401 2
107 1402 1
107 1403 11
107 1404 3
107 1405 4
107 1406 2
107 1407 3
107 1408 2
107 1409 1
107 1410 2
107 1411 5
107 1412 3
107 1413 3
107 1414 3
107 1415 2
107 1416 9
107 1417 2
107 1418 2
107 1419 4
107 1420 1
107 1421 3
107 1422 6
107 1423 2
107 1424 1
107 1425 1
107 1426 2
107 1427 3
107 1428 2
107 1429 3
107 1430 1
107 1431 3
107 1432 2
107 1433 2
107 1434 4
107 1435 5
107 1436 4
107 1437 1
107 1438 6
107 1439 6
107 1440 4
107 1441 2
107 1442 3
107 1443 1
107 1444 5
107 1445 2
107 1446 2
107 1447 3
107 1448 3
107 1449 1
107 1450 2
107 1451 5
107 1452 1
107 1453 8
107 1454 1
107 1455 1
107 1456 5
107 1457 3
107 1458 2
107 1459 1
107 1460 6
107 1461 6
107 1462 4
107 1463 2
107 1464 2
107 1465 1
107 1466 2
107 1467 2
107 1468 1
107 1469 1
107 1470 2
107 1471 4
107 1472 2
107 1473 1
107 1474 3
107 1475 1
107 1476 2
107 1477 1
107 1478 6
107 1479 7
107 1480 2
107 1481 1
107 1482 2
107 1483 2
107 1484 1
107 1485 3
107 1486 2
107 1487 1
107 1488 3
107 1489 3
107 1490 2
107 1491 11
107 1492 2
107 1493 1
107 1494 1
107 1495 1
107 1496 3
107 1497 2
107 1498 3
107 1499 2
107 1500 3
107 1501 7
107 1502 4
107 1503 2
107 1504 3
107 1505 3
107 1506 2
107 1507 3
107 1508 4
107 1509 4
107 1510 3
107 1511 3
107 1512 2
107 1513 3
107 1514 5
107 1515 2
107 1516 3
107 1517 3
107 1518 8
107 1519 1
107 1520 3
107 1521 4
107 1522 3
107 1523 3
107 1524 2
107 1525 5
107 1526 8
107 1527 2
107 1528 2
107 1529 1
107 1530 6
107 1531 1
107 1532 4
107 1533 5
107 1534 11
107 1535 2
107 1536 5
107 1537 1
107 1538 2
107 1539 3
107 1540 5
107 1541 10
107 1542 3
107 1543 5
107 1544 4
107 1545 4
107 1546 1
107 1547 3
107 1548 1
107 1549 2
107 1550 7
107 1551 5
107 1552 2
107 1553 2
107 1554 3
107 1555 1
107 1556 2
107 1557 1
107 1558 4
107 1559 3
107 1560 2
107 1561 2
107 1562 3
107 1563 3
107 1564 1
107 1565 2
107 1566 1
107 1567 3
107 1568 2
107 1569 3
107 1570 2
107 1571 7
107 1572 2
107 1573 1
107 1574 1
107 1575 3
107 1576 3
107 1577 2
107 1578 3
107 1579 1
107 1580 3
107 1581 2
107 1582 1
107 1583 1
107 1584 5
107 1585 1
107 1586 3
107 1587 8
107 1588 10
107 1589 4
107 1590 5
107 1591 7
107 1592 6
107 1593 2
107 1594 1
107 1595 4
107 1596 3
107 1597 5
107 1598 1
107 1599 3
107 1600 2
107 1601 2
107 1602 4
107 1603 2
107 1604 1
107 1605 2
107 1606 2
107 1607 3
107 1608 3
107 1609 1
107 1610 2
107 1611 2
107 1612 6
107 1613 4
107 1614 2
107 1615 2
107 1616 2
107 1617 2
107 1618 6
107 1619 3
107 1620 2
107 1621 4
107 1622 5
107 1623 2
107 1624 3
107 1625 5
107 1626 2
107 1627 3
107 1628 9
107 1629 3
107 1630 3
107 1631 2
107 1632 5
107 1633 4
107 1634 1
107 1635 3
107 1636 4
107 1637 2
107 1638 11
107 1639 6
107 1640 1
107 1641 4
107 1642 2
107 1643 2
107 1644 2
107 1645 2
107 1646 3
107 1647 3
107 1648 2
107 1649 6
107 1650 2
107 1651 2
107 1652 1
107 1653 2
107 1654 2
107 1655 4
107 1656 5
107 1657 3
107 1658 2
107 1659 3
107 1660 5
107 1661 4
107 1662 7
107 1663 5
107 1664 5
107 1665 6
107 1666 1
107 1667 5
107 1668 2
107 1669 1
107 1670 2
107 1671 1
107 1672 3
107 1673 2
107 1674 3
107 1675 9
107 1676 9
107 1677 3
107 1678 2
107 1679 6
107 1680 4
107 1681 2
107 1682 3
107 1683 3
107 1684 4
107 1685 3
107 1686 3
107 1687 2
107 1688 2
107 1689 2
107 1690 4
107 1691 3
107 1692 1
107 1693 2
107 1694 2
107 1695 1
107 1696 3
107 1697 1
107 1698 3
107 1699 5
107 1700 1
107 1701 1
107 1702 2
107 1703 5
107 1704 6
107 1705 2
107 1706 2
107 1707 2
107 1708 2
107 1709 4
107 1710 3
107 1711 3
107 1712 2
107 1713 9
107 1714 2
107 1715 2
107 1716 3
107 1717 1
107 1718 3
107 1719 4
107 1720 1
107 1721 2
107 1722 2
107 1723 2
107 1724 1
107 1725 3
107 1726 3
107 1727 2
107 1728 4
107 1729 8
107 1730 3
107 1731 1
107 1732 9
107 1733 3
107 1734 3
107 1735 1
107 1736 2
107 1737 3
107 1738 11
107 1739 5
107 1740 3
107 1741 3
107 1742 1
107 1743 2
107 1744 2
107 1745 3
107 1746 2
107 1747 3
107 1748 4
107 1749 2
107 1750 3
107 1751 4
107 1752 2
107 1753 7
107 1754 4
107 1755 4
107 1756 1
107 1757 3
107 1758 3
107 1759 2
107 1760 4
107 1761 13
107 1762 3
107 1763 2
107 1764 3
107 1765 2
107 1766 2
107 1767 4
107 1768 2
107 1769 2
107 1770 1
107 1771 2
107 1772 7
107 1773 2
107 1774 4
107 1775 10
107 1776 3
107 1777 5
107 1778 1
107 1779 5
107 1780 9
107 1781 1
107 1782 6
107 1783 2
107 1784 2
107 1785 1
107 1786 1
107 1787 2
107 1788 4
107 1789 2
107 1790 3
107 1791 2
107 1792 2
107 1793 1
107 1794 3
107 1795 1
107 1796 2
107 1797 6
107 1798 1
107 1799 3
107 1800 1
107 1801 3
107 1802 2
107 1803 4
107 1804 2
107 1805 2
107 1806 2
107 1807 6
107 1808 1
107 1809 2
107 1810 5
107 1811 4
107 1812 7
107 1813 3
107 1814 3
107 1815 3
107 1816 8
107 1817 16
107 1818 4
107 1819 1
107 1820 3
107 1821 2
107 1822 3
107 1823 5
107 1824 3
107 1825 1
107 1826 5
107 1827 5
107 1828 2
107 1829 1
107 1830 3
107 1831 2
107 1832 1
107 1833 2
107 1834 6
107 1835 1
107 1836 3
107 1837 4
107 1838 1
107 1839 2
107 1840 2
107 1841 2
107 1842 1
107 1843 9
107 1844 4
107 1845 5
107 1846 6
107 1847 1
107 1848 4
107 1849 5
107 1850 1
107 1851 6
107 1852 3
107 1853 4
107 1854 1
107 1855 3
107 1856 5
107 1857 1
107 1858 5
107 1859 1
107 1860 4
107 1861 7
107 1862 5
107 1863 2
107 1864 6
107 1865 3
107 1866 2
107 1867 6
107 1868 8
107 1869 3
107 1870 1
107 1871 7
107 1872 8
107 1873 3
107 1874 2
107 1875 2
107 1876 2
107 1877 2
107 1878 2
107 1879 8
107 1880 8
107 1881 2
107 1882 2
107 1883 3
107 1884 2
107 1885 4
107 1886 1
107 1887 2
107 1888 5
107 1889 1
107 1890 3
107 1891 3
107 1892 1
107 1893 3
107 1894 3
107 1895 2
107 1896 2
107 1897 3
107 1898 7
107 1899 1
107 1900 2
107 1901 3
107 1902 2
107 1903 5
107 1904 2
107 1905 7
107 1906 4
107 1907 4
107 1908 2
107 1909 3
107 1910 3
107 1911 4
108 127 1
108 159 3
108 184 3
108 197 3
108 251 3
108 272 3
108 281 2
108 284 3
108 320 2
109 118 4
109 119 1
109 122 4
109 142 1
109 148 4
109 158 2
109 169 5
109 186 2
109 200 8
109 203 1
109 229 1
109 239 2
109 252 1
109 271 2
109 277 3
109 285 2
109 295 1
109 297 3
109 303 5
109 304 8
109 314 3
109 322 1
109 323 3
109 324 2
109 325 2
109 331 3
109 332 2
110 259 5
110 264 4
111 137 2
111 214 3
111 279 1
111 310 1
111 312 1
111 326 3
111 337 3
111 343 2
112 174 2
113 119 6
113 121 6
113 122 3
113 132 4
113 134 1
113 142 2
113 148 2
113 158 10
113 165 4
113 169 2
113 172 3
113 186 1
113 188 2
113 199 1
113 200 1
113 203 3
113 239 5
113 252 3
113 261 5
113 271 1
113 277 4
113 285 2
113 291 3
113 304 2
113 313 1
113 325 1
113 334 3
113 342 3
115 116 2
115 137 2
115 140 4
115 144 2
115 149 8
115 192 3
115 214 2
115 220 3
115 226 2
115 262 3
115 312 1
115 326 2
115 343 4
116 140 2
116 144 2
116 149 2
116 162 2
116 214 1
116 226 3
116 312 1
116 326 2
116 343 1
117 231 5
117 280 9
117 285 5
118 134 1
118 161 2
118 172 9
118 199 3
118 200 1
118 203 2
118 211 5
118 222 4
118 238 4
118 239 2
118 252 3
118 261 1
118 265 2
118 268 1
118 271 2
118 277 2
118 283 2
118 304 3
118 313 16
118 322 4
118 324 20
118 325 5
118 331 3
118 342 2
119 122 3
119 125 4
119 128 1
119 132 2
119 146 1
119 148 2
119 150 1
119 163 2
119 170 2
119 171 1
119 176 2
119 185 2
119 188 5
119 189 7
119 199 2
119 200 1
119 203 1
119 208 2
119 217 3
119 229 3
119 239 4
119 248 1
119 252 1
119 261 4
119 269 2
119 271 2
119 277 3
119 280 3
119 285 3
119 297 5
119 313 2
119 318 2
119 323 7
119 324 3
119 325 3
119 329 3
119 331 2
119 332 1
119 339 3
119 342 1
120 136 2
120 247 3
120 277 1
121 165 1
121 169 3
121 206 3
121 236 4
121 280 2
121 315 6
122 123 5
122 128 3
122 136 1
122 141 1
122 142 1
122 156 4
122 161 3
122 169 1
122 170 1
122 176 7
122 186 7
122 188 4
122 200 1
122 203 4
122 213 2
122 224 6
122 232 1
122 235 2
122 236 7
122 239 5
122 248 4
122 251 3
122 252 2
122 261 3
122 271 5
122 272 4
122 274 3
122 276 4
122 277 4
122 280 1
122 281 1
122 284 2
122 285 4
122 297 1
122 303 1
122 304 4
122 315 6
122 322 4
122 323 3
122 325 2
122 332 4
122 342 1
122 344 1
122 345 1
123 142 2
123 186 2
123 200 1
123 239 4
123 252 12
123 261 2
123 318 4
123 334 3
123 342 8
124 157 4
124 170 2
125 136 3
125 169 1
126 260 2
126 322 2
127 135 4
127 139 3
127 159 3
127 184 2
127 197 3
127 251 3
127 272 2
127 281 3
127 284 3
127 309 4
127 320 1
127 346 3
128 150 2
128 169 1
128 170 5
128 172 2
128 176 2
128 186 3
128 199 2
128 203 2
128 211 7
128 213 2
128 223 3
128 248 11
128 252 2
128 265 3
128 271 2
128 313 1
128 315 1
128 322 3
128 334 4
129 168 3
129 291 2
129 339 1
129 347 1
130 191 2
130 204 4
130 213 4
130 257 2
130 277 4
130 300 9
130 322 7
130 329 2
130 346 1
131 143 1
131 177 2
131 225 3
131 227 1
131 278 5
132 134 7
132 158 2
132 242 3
132 277 1
132 303 2
132 311 2
132 315 2
132 317 2
132 334 5
133 141 4
133 183 2
133 188 2
133 224 3
133 232 3
133 236 1
133 271 2
133 276 1
133 280 3
133 315 6
133 322 4
134 142 7
134 199 2
134 203 2
134 238 3
134 248 1
134 252 1
134 277 2
134 304 2
134 334 2
135 184 2
135 197 5
135 251 2
135 281 8
135 284 3
135 309 1
135 320 6
136 146 5
136 156 2
136 169 1
136 213 2
136 246 2
136 285 4
136 304 3
136 308 3
136 315 2
136 322 3
136 324 4
136 339 5
136 1718 3
136 1912 5
136 1926 1
136 1932 1
136 1939 3
136 1945 2
136 1951 3
136 1955 2
136 1972 1
136 1973 3
136 1976 2
136 1991 1
136 1995 2
136 1998 1
136 2001 4
136 2004 2
136 2007 6
136 2009 7
136 2018 4
136 2024 2
136 2027 1
136 2032 4
136 2038 6
136 2039 1
136 2042 3
136 2054 2
136 2068 2
136 2071 5
136 2072 1
136 2081 2
136 2102 6
136 2111 2
136 2116 4
136 2117 1
136 2127 2
136 2128 6
136 2133 9
136 2135 2
136 2138 1
136 2143 1
136 2153 2
136 2157 3
136 2171 3
136 2174 5
136 2180 3
136 2183 2
136 2187 3
136 2189 3
136 2199 5
136 2203 3
136 2223 2
136 2224 4
136 2225 2
136 2247 2
136 2250 3
136 2254 4
136 2264 2
136 2267 2
136 2268 2
136 2279 4
136 2283 4
136 2284 2
136 2289 2
136 2292 4
136 2302 3
136 2319 1
136 2327 1
136 2336 4
136 2337 5
136 2364 3
136 2378 2
136 2384 2
136 2398 4
136 2417 2
136 2436 2
136 2445 3
136 2447 6
136 2451 4
136 2458 6
136 2459 3
136 2461 4
136 2463 2
136 2471 3
136 2472 2
136 2475 3
136 2491 2
136 2494 5
136 2498 2
136 2502 2
136 2508 3
136 2510 1
136 2511 5
136 2529 5
136 2533 7
136 2538 4
136 2543 3
136 2547 1
136 2571 1
136 2583 1
136 2589 2
136 2598 3
136 2617 4
136 2629 4
136 2635 3
136 2636 4
136 2640 1
136 2643 9
136 2647 2
136 2649 2
136 2653 5
136 2660 1
137 140 3
137 167 4
137 214 3
137 243 7
137 289 3
137 310 5
137 312 1
137 326 1
137 337 3
139 159 2
139 184 2
139 197 2
139 251 2
139 281 4
139 284 10
139 320 3
140 144 3
140 214 1
140 312 2
140 326 1
141 172 2
141 199 7
141 224 3
141 236 1
141 239 2
141 257 1
141 258 4
141 271 4
141 272 5
141 276 1
141 280 1
141 291 2
141 304 3
141 323 4
142 158 5
142 161 7
142 169 2
142 170 1
142 186 14
142 188 2
142 200 2
142 203 2
142 236 1
142 239 5
142 252 2
142 271 1
142 277 2
142 280 2
142 285 1
142 297 2
142 303 3
142 308 3
142 315 5
142 322 2
142 323 2
142 332 2
142 334 2
142 345 4
143 175 2
143 177 1
143 225 3
143 227 3
143 278 6
143 321 2
144 149 5
144 151 7
144 226 3
144 312 8
144 326 2
144 343 1
145 179 5
146 148 2
146 285 10
146 313 2
146 317 3
146 339 2
147 219 4
147 319 2
148 176 1
148 185 2
148 224 4
148 229 4
148 261 4
148 271 2
148 272 2
148 339 3
149 162 6
149 226 5
149 312 7
149 326 4
149 333 4
149 343 1
150 163 6
150 171 5
150 189 2
150 217 7
150 324 11
150 329 6
151 310 1
151 312 2
152 181 2
152 275 2
152 339 1
153 280 2
154 219 2
155 157 2
156 188 2
156 235 2
156 258 2
156 272 2
156 295 4
158 168 3
158 232 2
158 242 2
158 248 5
158 291 3
158 304 6
158 315 3
158 317 2
158 322 2
158 325 2
158 332 2
158 339 4
159 172 7
159 184 4
159 197 1
159 272 10
159 277 3
159 281 7
159 284 2
159 320 3
159 345 4
160 260 1
161 199 1
161 203 2
161 213 1
161 252 4
161 258 2
161 271 4
161 277 7
161 304 2
161 308 3
161 314 2
161 322 1
161 325 1
161 339 3
162 312 1
162 326 2
162 333 3
162 343 1
163 173 2
163 249 2
164 285 2
165 169 5
165 188 1
165 200 5
165 334 5
165 342 2
166 173 7
166 198 1
166 202 2
167 243 5
167 310 1
167 337 1
168 277 5
168 291 1
168 304 2
168 339 2
168 347 5
169 185 1
169 236 2
169 239 1
169 248 3
169 252 1
169 257 3
169 271 2
169 277 1
169 280 2
169 291 2
169 315 1
169 318 6
169 322 1
169 332 2
169 334 3
170 176 6
170 185 3
170 186 2
170 188 2
170 200 1
170 203 2
170 211 3
170 223 2
170 239 2
170 250 6
170 252 2
170 260 6
170 268 1
170 271 1
170 274 4
170 277 1
170 285 12
170 290 3
170 304 3
170 313 2
170 315 4
170 322 4
170 323 2
170 332 4
170 334 7
170 341 2
170 342 3
171 189 9
171 217 4
171 904 7
171 1171 1
171 1193 2
171 1297 6
171 1387 3
171 1486 2
171 1549 2
171 1684 1
171 2704 2
171 2740 3
171 2838 2
171 2885 8
171 3003 4
171 3290 1
172 199 3
172 203 6
172 211 2
172 212 2
172 223 2
172 231 3
172 232 1
172 238 3
172 239 3
172 252 6
172 261 2
172 265 2
172 268 9
172 271 6
172 277 1
172 298 2
172 304 2
172 308 3
172 313 3
172 325 3
172 329 1
172 331 1
172 332 4
172 342 2
173 202 9
173 348 3
173 414 5
173 427 2
173 464 4
173 549 2
173 649 4
174 293 1
175 177 4
175 225 3
175 227 1
175 263 2
175 277 2
175 278 8
175 296 1
175 321 2
176 188 1
176 239 5
176 271 8
176 290 2
177 225 7
177 227 2
177 278 5
178 186 4
178 206 4
178 213 3
178 231 1
178 272 1
178 303 4
178 322 5
178 329 1
178 345 3
180 187 2
180 194 2
180 196 2
180 204 3
180 242 7
180 249 12
180 254 1
180 266 2
180 299 1
180 302 3
180 346 2
181 195 2
181 218 4
181 273 3
181 275 2
181 306 2
181 328 3
182 253 2
184 197 1
184 251 2
184 272 4
184 281 1
184 284 5
184 309 1
184 320 1
184 329 2
184 346 2
185 188 4
185 200 1
185 271 2
185 272 4
185 274 4
185 280 1
185 285 3
185 290 1
185 297 2
185 315 2
185 322 3
185 344 2
186 188 2
186 199 5
186 200 3
186 203 6
186 213 1
186 221 5
186 222 6
186 223 4
186 236 5
186 239 4
186 252 4
186 271 2
186 272 3
186 277 2
186 285 2
186 303 2
186 322 8
186 323 2
186 325 2
186 331 2
186 341 4
186 345 4
187 194 1
187 242 1
187 249 1
187 254 5
187 266 2
187 299 3
187 302 1
187 346 2
188 200 3
188 208 6
188 223 1
188 224 3
188 239 1
188 252 2
188 258 1
188 271 4
188 272 8
188 274 2
188 277 4
188 280 2
188 285 2
188 290 7
188 291 7
188 297 2
188 304 1
188 315 6
188 322 4
188 323 12
188 334 2
188 341 1
188 342 4
189 217 4
190 229 1
192 205 5
193 259 3
194 196 4
194 204 3
194 242 4
194 249 2
194 254 1
194 266 3
194 299 5
194 302 2
194 346 2
195 218 2
195 273 6
195 275 2
195 306 2
195 328 2
196 204 2
196 249 3
196 254 2
196 266 6
196 285 5
196 330 1
196 346 3
197 251 2
197 272 8
197 281 3
197 284 3
197 309 2
197 320 6
197 329 2
198 348 2
198 351 5
198 364 3
198 393 2
198 399 3
198 441 2
198 476 1
198 501 3
198 549 2
198 564 2
199 200 1
199 203 2
199 211 4
199 212 1
199 222 1
199 223 5
199 231 2
199 232 1
199 238 3
199 239 1
199 252 5
199 261 1
199 265 2
199 271 7
199 288 4
199 291 1
199 298 4
199 304 3
199 313 2
199 314 2
199 315 2
199 322 12
199 324 2
199 325 1
199 342 3
200 203 4
200 223 4
200 224 2
200 232 1
200 236 5
200 239 2
200 248 8
200 252 1
200 271 1
200 274 1
200 276 7
200 277 9
200 280 3
200 285 4
200 297 3
200 304 2
200 322 4
200 323 5
200 324 4
200 325 1
200 332 2
200 334 2
201 259 5
202 329 1
203 211 3
203 223 4
203 238 11
203 239 2
203 261 1
203 265 1
203 268 1
203 270 3
203 271 6
203 272 7
203 277 5
203 285 3
203 297 2
203 304 1
203 308 1
203 313 4
203 315 1
203 322 2
203 324 3
203 325 3
203 331 5
203 332 5
203 334 3
203 338 5
203 341 2
203 342 4
204 213 1
204 242 5
204 249 6
204 254 2
204 266 1
204 277 3
204 302 3
204 329 3
204 330 1
204 346 4
206 260 1
207 322 2
208 277 13
208 285 2
208 291 3
208 332 1
211 222 4
211 223 2
211 238 2
211 239 4
211 261 7
211 265 3
211 268 2
211 271 1
211 272 4
211 285 2
211 304 2
211 313 1
211 315 4
211 325 1
211 331 1
211 342 2
212 232 5
212 239 4
212 252 1
212 271 2
212 295 1
212 298 4
212 304 2
212 344 2
213 224 1
213 231 3
213 236 2
213 239 1
213 242 3
213 246 1
213 249 3
213 272 1
213 277 4
213 285 2
213 291 5
213 303 1
213 308 1
213 315 4
213 322 5
213 324 3
213 332 2
213 340 5
213 345 3
214 230 1
214 289 1
214 312 3
214 326 8
214 333 1
214 343 3
216 243 2
217 324 4
218 273 2
218 275 4
218 306 3
218 328 4
219 319 3
220 262 5
220 312 2
221 285 2
221 303 1
221 322 3
222 238 2
222 240 5
222 313 5
222 325 3
223 239 2
223 246 1
223 252 2
223 261 3
223 265 3
223 271 2
223 313 2
223 315 3
223 325 10
223 342 2
224 232 1
224 236 4
224 261 7
224 271 4
224 276 3
224 291 2
224 304 1
224 315 6
224 322 2
224 324 2
224 332 3
225 227 3
225 278 6
226 312 2
226 326 1
226 333 1
226 343 3
227 263 7
227 278 4
227 296 3
228 283 1
229 334 2
230 253 3
230 307 5
231 232 6
231 239 2
231 280 2
231 291 2
231 315 5
231 329 2
231 332 9
232 239 2
232 271 2
232 276 2
232 280 4
232 285 1
232 291 3
232 298 2
232 322 9
233 256 4
234 239 2
236 248 5
236 252 2
236 257 5
236 271 4
236 272 2
236 276 4
236 280 3
236 297 1
236 303 3
236 304 1
236 314 2
236 315 2
236 318 4
236 322 1
238 239 3
238 252 2
238 261 4
238 265 3
238 271 1
238 313 7
238 324 3
238 325 5
238 342 1
239 252 3
239 261 3
239 265 4
239 271 2
239 272 2
239 276 2
239 277 1
239 280 2
239 285 1
239 295 3
239 303 2
239 304 1
239 313 2
239 322 2
239 323 2
239 325 2
239 338 2
239 344 1
242 249 1
242 254 8
242 266 2
242 299 2
242 302 2
242 322 3
242 330 2
242 346 6
243 310 3
243 312 3
243 337 2
244 282 4
245 259 5
246 285 4
246 304 5
246 308 4
246 315 5
246 322 6
246 339 3
246 340 1
248 252 1
248 265 4
248 277 4
248 291 6
248 311 1
248 323 1
248 332 2
249 254 3
249 266 1
249 299 8
249 302 1
249 304 4
249 315 7
249 330 2
249 346 2
250 252 2
250 322 2
251 281 6
251 284 2
251 309 4
251 320 4
252 261 4
252 265 4
252 271 4
252 272 1
252 277 1
252 280 1
252 285 3
252 291 6
252 297 2
252 304 3
252 308 1
252 313 1
252 315 1
252 322 2
252 324 1
252 325 5
252 332 2
252 334 3
252 338 3
252 342 5
252 345 3
254 266 2
254 299 2
254 302 1
254 330 2
254 346 7
257 258 3
257 272 2
257 280 2
257 295 3
257 304 1
257 315 2
257 322 2
257 344 4
258 272 8
258 291 1
258 295 3
258 323 3
259 264 4
260 322 5
260 339 3
261 265 4
261 268 4
261 271 2
261 285 3
261 297 2
261 313 3
261 314 3
261 318 4
261 325 1
261 342 3
261 345 2
262 312 2
263 296 2
265 271 1
265 298 3
265 311 2
265 313 1
265 325 6
265 331 1
265 342 6
266 302 5
266 330 4
266 346 1
268 271 2
268 325 1
269 329 3
271 272 6
271 276 2
271 277 7
271 280 4
271 285 2
271 290 4
271 291 1
271 297 4
271 298 14
271 304 4
271 313 4
271 314 7
271 315 1
271 318 3
271 322 2
271 323 1
271 325 5
271 331 8
271 332 1
271 342 1
272 277 1
272 280 4
272 281 2
272 285 3
272 291 4
272 297 9
272 304 1
272 320 3
272 329 2
272 346 1
273 275 5
273 306 1
273 328 2
274 323 3
274 341 4
275 306 1
275 328 3
276 322 1
277 280 15
277 285 3
277 290 7
277 291 1
277 294 2
277 304 2
277 308 2
277 311 2
277 315 9
277 322 2
277 323 6
277 324 1
277 325 3
277 332 1
277 334 3
277 339 3
277 342 1
280 290 2
280 291 2
280 297 2
280 304 5
280 315 5
280 322 2
280 323 2
280 329 1
280 332 6
281 284 4
281 309 5
281 320 3
284 309 6
284 320 4
284 329 2
285 303 7
285 304 11
285 313 3
285 315 3
285 322 1
285 323 1
285 332 6
285 342 3
285 345 3
288 315 1
290 322 1
290 323 3
290 342 2
291 315 5
291 329 12
291 332 2
291 339 3
297 322 4
297 323 26
297 324 3
299 300 4
299 302 2
299 330 2
299 346 2
300 320 5
300 346 1
301 324 1
302 315 1
302 330 3
302 346 1
303 315 3
303 322 1
303 345 6
304 308 3
304 315 5
304 322 1
304 324 4
304 325 9
304 332 1
304 334 1
304 341 1
304 347 1
305 312 3
306 328 4
308 322 1
308 323 1
308 329 2
308 334 3
308 338 1
309 320 4
310 337 1
311 325 1
311 344 2
312 326 2
312 343 3
313 314 4
313 315 4
313 325 1
313 339 3
313 342 1
314 342 6
315 322 15
315 323 1
315 324 5
315 329 3
315 339 4
315 345 2
318 334 2
319 327 1
320 329 1
320 346 3
322 323 2
322 329 5
322 339 2
322 341 2
322 342 4
322 345 4
323 332 7
323 341 7
324 329 3
324 331 2
324 332 2
324 340 1
325 342 8
326 343 1
329 332 1
330 346 4
331 332 2
333 343 1
334 339 3
339 340 1
339 347 5
348 349 2
348 350 3
348 351 4
348 352 2
348 353 4
348 354 3
348 355 2
348 356 2
348 357 2
348 358 5
348 359 7
348 360 6
348 361 1
348 362 3
348 363 3
348 364 4
348 365 3
348 366 3
348 367 1
348 368 7
348 369 5
348 370 2
348 371 2
348 372 2
348 373 3
348 374 4
348 375 7
348 376 1
348 377 1
348 378 6
348 379 4
348 380 4
348 381 2
348 382 4
348 383 4
348 384 2
348 385 5
348 386 4
348 387 3
348 388 1
348 389 6
348 390 5
348 391 2
348 392 4
348 393 2
348 394 1
348 395 1
348 396 2
348 397 3
348 398 5
348 399 5
348 400 3
348 401 4
348 402 4
348 403 2
348 404 6
348 405 2
348 406 6
348 407 3
348 408 4
348 409 1
348 410 4
348 411 4
348 412 3
348 413 4
348 414 2
348 415 3
348 416 5
348 417 5
348 418 4
348 419 5
348 420 2
348 421 3
348 422 1
348 423 2
348 424 3
348 425 1
348 426 10
348 427 1
348 428 2
348 429 2
348 430 2
348 431 5
348 432 1
348 433 2
348 434 12
348 435 1
348 436 4
348 437 1
348 438 2
348 439 2
348 440 5
348 441 4
348 442 2
348 443 1
348 444 3
348 445 7
348 446 2
348 447 4
348 448 3
348 449 2
348 450 3
348 451 4
348 452 2
348 453 1
348 454 1
348 455 2
348 456 2
348 457 4
348 458 1
348 459 3
348 460 3
348 461 1
348 462 5
348 463 5
348 464 4
348 465 2
348 466 3
348 467 6
348 468 3
348 469 5
348 470 2
348 471 1
348 472 2
348 473 5
348 474 2
348 475 4
348 476 5
348 477 2
348 478 2
348 479 2
348 480 1
348 481 2
348 482 5
348 483 3
348 484 2
348 485 5
348 486 2
348 487 4
348 488 8
348 489 2
348 490 2
348 491 1
348 492 2
348 493 1
348 494 1
348 495 2
348 496 1
348 497 1
348 498 5
348 499 2
348 500 4
348 501 4
348 502 3
348 503 1
348 504 2
348 505 2
348 506 14
348 507 1
348 508 4
348 509 1
348 510 1
348 511 2
348 512 1
348 513 1
348 514 3
348 515 2
348 516 9
348 517 1
348 518 2
348 519 4
348 520 3
348 521 2
348 522 4
348 523 1
348 524 2
348 525 2
348 526 4
348 527 1
348 528 4
348 529 1
348 530 1
348 531 4
348 532 2
348 533 2
348 534 3
348 535 1
348 536 2
348 537 3
348 538 5
348 539 2
348 540 5
348 541 4
348 542 1
348 543 4
348 544 3
348 545 2
348 546 2
348 547 1
348 548 7
348 549 1
348 550 7
348 551 1
348 552 4
348 553 3
348 554 16
348 555 1
348 556 8
348 557 3
348 558 1
348 559 1
348 560 7
348 561 3
348 562 2
348 563 2
348 564 3
348 565 1
348 566 2
348 567 2
348 568 2
348 569 4
348 570 2
348 571 1
348 572 4
348 1025 5
349 434 5
349 478 2
349 508 4
349 534 3
350 369 2
350 384 4
350 397 5
350 407 2
350 419 1
350 426 5
350 433 1
350 455 5
350 484 2
350 497 4
350 504 2
350 519 4
350 527 2
350 528 3
350 531 8
350 543 9
350 546 4
350 552 10
350 561 2
350 563 2
351 364 2
351 454 2
351 564 4
352 368 1
352 375 4
352 394 3
352 398 2
352 404 2
352 408 3
352 409 4
352 412 2
352 431 7
352 456 7
352 462 5
352 479 7
352 484 1
352 492 3
352 493 4
352 494 2
352 503 2
352 517 1
352 525 7
352 536 4
352 538 5
352 542 1
353 363 2
353 366 1
353 370 2
353 373 1
353 376 1
353 388 5
353 391 3
353 394 3
353 400 3
353 404 1
353 408 1
353 409 3
353 412 1
353 417 1
353 419 1
353 420 1
353 428 1
353 430 3
353 431 5
353 432 1
353 446 1
353 460 4
353 462 2
353 471 2
353 475 1
353 482 8
353 483 2
353 484 2
353 487 7
353 492 3
353 493 1
353 496 3
353 497 1
353 500 2
353 503 2
353 513 2
353 514 4
353 515 2
353 517 1
353 520 1
353 524 3
353 526 5
353 537 3
353 538 7
353 540 1
353 542 6
353 544 4
353 559 1
353 560 2
353 561 3
353 566 2
353 567 7
353 580 2
353 601 3
353 606 1
353 637 6
353 641 2
353 651 1
353 930 1
353 936 2
353 976 4
353 1012 2
353 1075 9
353 1080 1
353 1114 3
353 1122 7
353 1155 2
353 1237 2
353 1313 2
353 1320 6
353 1349 2
353 1358 7
353 1374 2
353 1397 3
353 1425 4
353 1427 2
353 1475 6
353 1487 3
353 1512 3
353 1514 3
353 1529 2
353 1543 2
353 1574 1
353 1606 4
353 1616 2
353 1645 2
353 1673 2
353 1677 3
353 1679 3
353 1692 5
353 1694 9
353 1740 3
353 1744 1
353 1778 1
353 1790 1
353 1844 1
353 1855 8
353 1878 4
353 1881 1
353 1882 3
354 355 2
354 359 5
354 361 4
354 376 2
354 382 1
354 396 3
354 397 2
354 403 2
354 450 1
354 452 3
354 458 2
354 463 2
354 470 4
354 474 1
354 481 4
354 489 1
354 497 4
354 500 4
354 507 2
354 510 4
354 519 6
354 531 1
354 547 1
354 555 8
354 557 2
355 359 3
355 361 1
355 367 1
355 373 1
355 376 2
355 382 5
355 396 4
355 397 2
355 402 9
355 403 2
355 410 1
355 412 1
355 418 7
355 452 2
355 455 1
355 460 2
355 463 1
355 470 1
355 474 1
355 475 2
355 481 1
355 489 2
355 497 6
355 500 1
355 510 2
355 515 7
355 519 5
355 528 2
355 531 2
355 543 3
355 546 2
355 547 2
355 548 3
355 553 6
355 555 3
355 557 4
355 565 1
356 411 4
356 472 4
357 369 2
357 389 6
357 397 6
357 419 2
357 424 3
357 457 15
357 459 5
357 469 5
357 477 5
357 486 1
357 505 3
357 509 2
357 516 3
357 518 3
357 551 2
357 554 6
357 563 4
359 361 3
359 367 2
359 376 1
359 391 2
359 396 5
359 403 3
359 405 1
359 422 5
359 452 4
359 455 2
359 470 4
359 474 2
359 475 2
359 481 2
359 489 1
359 491 4
359 530 1
359 531 1
359 546 4
359 547 2
359 555 3
359 557 2
359 562 4
360 362 2
360 365 1
360 370 3
360 373 2
360 376 2
360 387 4
360 388 8
360 395 3
360 402 2
360 412 4
360 415 5
360 417 1
360 422 4
360 428 5
360 432 1
360 438 4
360 442 6
360 444 3
360 460 4
360 461 4
360 463 1
360 495 1
360 497 2
360 506 1
360 507 2
360 510 1
360 513 4
360 514 3
360 520 4
360 523 2
360 524 2
360 542 1
360 543 1
360 544 4
360 548 1
360 553 2
360 555 2
360 558 2
360 561 1
360 565 1
360 567 1
360 570 5
361 376 2
361 396 2
361 405 2
361 450 1
361 463 2
361 470 3
361 474 4
361 475 3
361 481 2
361 489 3
361 500 1
361 519 4
361 530 2
361 531 3
361 547 1
361 555 8
361 557 2
361 562 2
361 568 4
362 371 5
362 373 2
362 412 3
362 413 5
362 415 2
362 445 3
362 460 2
362 463 10
362 473 3
362 482 1
362 492 8
362 495 1
362 535 5
362 542 1
362 558 2
362 560 2
362 570 3
363 366 1
363 367 10
363 368 2
363 370 6
363 373 1
363 374 4
363 376 3
363 378 3
363 385 1
363 388 4
363 402 4
363 409 4
363 412 4
363 414 3
363 417 2
363 419 5
363 432 1
363 436 2
363 444 1
363 455 1
363 461 1
363 463 1
363 475 4
363 481 1
363 482 2
363 483 5
363 484 4
363 487 4
363 492 1
363 493 2
363 497 3
363 500 3
363 506 4
363 507 10
363 514 3
363 515 4
363 517 1
363 521 2
363 524 1
363 525 1
363 526 2
363 527 8
363 538 2
363 542 1
363 544 3
363 553 7
363 559 3
363 561 1
363 565 2
363 566 9
363 580 4
363 591 7
363 606 3
363 637 6
363 651 2
363 656 3
363 669 6
363 936 2
363 976 3
363 1080 5
363 1113 7
363 1122 1
363 1155 2
363 1179 2
363 1237 1
363 1318 3
363 1320 4
363 1332 1
363 1349 3
363 1358 1
363 1374 2
363 1400 1
363 1425 3
363 1427 5
363 1506 3
363 1512 8
363 1514 2
363 1529 4
363 1536 3
363 1545 2
363 1574 3
363 1606 2
363 1616 3
363 1645 2
363 1671 3
363 1673 3
363 1677 3
363 1692 2
363 1740 4
363 1744 2
363 1767 5
363 1790 1
363 1844 3
364 393 1
364 399 2
364 441 1
364 476 1
364 501 5
364 564 1
365 408 3
365 513 7
365 520 5
365 556 3
366 368 2
366 373 7
366 374 5
366 376 2
366 378 4
366 391 3
366 394 5
366 395 2
366 400 3
366 402 4
366 404 3
366 408 2
366 412 3
366 417 1
366 428 3
366 430 4
366 431 10
366 434 2
366 436 2
366 438 3
366 446 1
366 460 5
366 475 1
366 482 1
366 483 2
366 484 2
366 492 6
366 493 2
366 496 3
366 497 1
366 503 1
366 513 5
366 514 2
366 515 1
366 517 5
366 520 14
366 524 6
366 526 1
366 538 6
366 539 13
366 542 2
366 544 2
366 548 3
366 553 2
366 555 1
366 559 1
366 566 3
366 580 3
366 606 5
366 637 2
366 651 2
366 930 1
366 936 1
366 976 4
366 1001 6
366 1012 2
366 1080 1
366 1113 2
366 1122 4
366 1142 1
366 1155 3
366 1179 2
366 1237 3
366 1300 2
366 1313 1
366 1320 1
366 1349 3
366 1358 2
366 1374 1
366 1397 2
366 1400 12
366 1408 2
366 1427 2
366 1446 7
366 1490 3
366 1512 3
366 1514 1
366 1549 4
366 1574 1
366 1616 4
366 1631 2
366 1645 3
366 1658 1
366 1673 1
366 1692 1
366 1694 4
366 1740 3
366 1767 1
366 1790 1
366 1801 2
366 1844 1
366 1878 3
366 1882 3
367 373 2
367 376 1
367 378 1
367 391 6
367 396 1
367 403 6
367 412 2
367 416 2
367 422 1
367 452 2
367 455 3
367 474 6
367 475 1
367 481 2
367 483 3
367 489 2
367 490 2
367 491 4
367 502 4
367 504 1
367 519 4
367 525 3
367 546 3
367 547 1
367 548 1
367 553 1
367 555 6
367 566 3
368 371 3
368 374 2
368 375 6
368 378 5
368 395 6
368 398 2
368 404 1
368 408 1
368 409 3
368 412 2
368 416 2
368 419 1
368 431 3
368 456 1
368 462 3
368 479 2
368 493 19
368 494 2
368 497 3
368 500 5
368 503 2
368 517 1
368 521 4
368 525 2
368 526 2
368 527 2
368 536 2
368 538 2
368 553 2
368 559 8
369 378 3
369 380 2
369 381 2
369 389 3
369 397 2
369 407 10
369 419 1
369 424 3
369 433 5
369 435 4
369 442 2
369 455 1
369 457 2
369 469 8
369 477 2
369 486 2
369 509 2
369 516 6
369 518 1
369 551 4
369 554 1
369 561 2
369 563 4
370 373 6
370 374 1
370 376 3
370 378 4
370 387 1
370 388 6
370 392 4
370 395 6
370 397 1
370 402 2
370 412 2
370 413 2
370 414 1
370 415 3
370 416 5
370 417 3
370 419 1
370 420 1
370 423 4
370 428 4
370 430 1
370 431 5
370 432 2
370 436 2
370 438 3
370 439 1
370 451 3
370 452 5
370 456 4
370 458 7
370 460 1
370 461 2
370 465 2
370 469 3
370 471 2
370 475 1
370 483 4
370 492 3
370 497 6
370 506 3
370 507 2
370 514 3
370 515 3
370 520 1
370 523 2
370 524 3
370 525 1
370 527 2
370 540 5
370 542 4
370 544 2
370 548 1
370 553 1
370 555 6
370 559 2
370 561 2
370 563 1
370 565 3
370 566 3
370 567 8
370 591 2
370 604 3
370 645 1
370 646 3
370 666 5
370 669 2
370 683 1
371 460 3
371 542 1
372 410 2
372 421 2
372 422 5
372 429 1
372 444 3
372 455 2
372 460 4
372 530 3
372 531 2
372 539 1
372 543 2
372 545 3
372 547 2
372 558 5
372 568 1
372 570 2
373 374 3
373 376 4
373 378 2
373 387 1
373 388 4
373 390 2
373 391 1
373 392 2
373 395 4
373 397 1
373 400 5
373 402 5
373 408 1
373 412 5
373 413 4
373 414 5
373 417 2
373 421 2
373 423 2
373 425 1
373 428 3
373 431 4
373 434 2
373 436 3
373 438 3
373 439 3
373 446 2
373 450 3
373 456 3
373 460 3
373 461 2
373 463 6
373 465 2
373 471 3
373 473 3
373 475 2
373 483 4
373 491 1
373 492 1
373 496 1
373 497 3
373 498 1
373 500 4
373 502 2
373 506 3
373 507 2
373 513 5
373 514 2
373 515 2
373 517 1
373 520 3
373 523 9
373 524 3
373 525 3
373 527 2
373 528 1
373 542 3
373 544 1
373 545 2
373 546 5
373 548 1
373 553 2
373 556 4
373 558 1
373 559 6
373 561 11
373 563 4
373 565 5
373 566 3
373 567 2
373 580 1
373 587 3
373 590 2
373 591 2
373 604 2
373 606 2
373 614 3
373 634 2
373 637 1
373 641 2
373 645 2
373 651 1
373 669 2
373 680 5
373 683 15
374 376 2
374 378 6
374 391 2
374 402 1
374 412 2
374 414 3
374 417 4
374 418 1
374 419 5
374 420 5
374 430 6
374 431 6
374 432 3
374 438 2
374 439 2
374 444 2
374 451 1
374 456 1
374 460 3
374 461 2
374 463 1
374 465 1
374 475 5
374 482 2
374 483 7
374 488 1
374 492 4
374 496 2
374 497 7
374 500 2
374 504 4
374 506 4
374 507 1
374 510 4
374 513 2
374 514 2
374 515 2
374 517 1
374 520 1
374 521 2
374 523 1
374 524 2
374 525 2
374 526 2
374 527 2
374 535 3
374 544 4
374 545 1
374 553 2
374 556 4
374 559 4
374 561 1
374 563 6
374 565 1
374 566 4
374 567 2
374 569 4
374 570 5
374 591 1
374 614 2
374 669 3
374 683 1
375 398 2
375 404 6
375 408 6
375 409 3
375 431 3
375 456 1
375 479 5
375 484 1
375 493 4
375 494 1
375 503 3
375 525 3
375 526 12
375 538 2
376 378 3
376 387 2
376 388 2
376 390 3
376 391 4
376 394 2
376 395 5
376 396 1
376 397 2
376 400 3
376 402 1
376 405 8
376 410 1
376 412 2
376 413 3
376 414 3
376 417 2
376 419 7
376 420 3
376 423 4
376 426 2
376 428 3
376 431 4
376 432 2
376 434 1
376 436 4
376 438 1
376 439 8
376 442 2
376 444 1
376 446 2
376 450 3
376 452 2
376 456 1
376 458 4
376 460 1
376 461 2
376 463 1
376 465 3
376 471 2
376 473 2
376 475 1
376 481 2
376 482 4
376 483 7
376 487 3
376 488 1
376 489 3
376 490 5
376 491 3
376 492 1
376 496 3
376 497 5
376 500 4
376 502 3
376 506 2
376 507 1
376 511 2
376 513 11
376 514 3
376 515 4
376 517 2
376 519 3
376 520 6
376 523 2
376 524 2
376 525 2
376 526 4
376 527 1
376 531 2
376 538 2
376 542 5
376 544 4
376 545 7
376 546 1
376 547 8
376 548 2
376 553 6
376 555 3
376 556 3
376 557 1
376 559 2
376 561 1
376 563 1
376 566 1
376 567 3
376 570 5
376 580 3
376 586 2
376 587 3
376 591 3
376 604 5
376 606 1
376 610 2
376 614 1
376 634 1
376 637 1
376 645 4
376 646 1
376 651 2
376 652 3
376 669 7
376 673 2
376 676 3
376 683 2
376 1095 3
376 1179 4
376 1300 1
376 1313 2
376 1343 2
376 1357 10
376 1358 1
376 1374 1
376 1487 3
376 1536 2
376 1616 3
376 1767 3
376 1777 4
376 1897 2
377 383 2
378 391 11
378 394 3
378 400 2
378 412 3
378 414 2
378 417 2
378 423 1
378 426 2
378 428 3
378 431 5
378 434 2
378 436 2
378 452 3
378 456 1
378 461 2
378 465 2
378 471 1
378 475 2
378 482 2
378 483 5
378 484 5
378 487 3
378 488 7
378 492 3
378 495 2
378 496 1
378 497 4
378 500 2
378 502 6
378 506 4
378 513 4
378 514 6
378 515 2
378 517 2
378 524 3
378 527 4
378 542 3
378 544 2
378 553 15
378 559 1
378 561 2
378 563 5
378 566 3
378 580 2
378 591 3
378 604 1
378 614 3
378 637 2
378 641 1
378 651 2
378 669 4
378 676 2
379 532 5
380 389 3
380 424 5
380 457 4
380 486 3
380 505 5
380 509 1
380 516 1
380 518 1
380 554 4
381 389 1
381 419 6
381 424 7
381 457 1
381 469 2
381 486 2
381 509 2
381 516 3
381 551 5
381 554 5
382 403 4
382 410 3
382 452 1
382 470 7
382 474 3
382 500 6
382 531 3
382 547 2
382 555 4
383 387 2
384 464 1
384 552 1
385 423 1
385 436 3
385 461 2
385 483 9
385 507 2
385 524 2
386 401 3
386 532 7
387 395 2
387 400 4
387 402 3
387 406 2
387 408 1
387 412 2
387 415 2
387 417 2
387 428 2
387 436 2
387 438 1
387 444 3
387 461 2
387 465 2
387 503 3
387 506 2
387 507 3
387 513 1
387 514 10
387 517 3
387 520 3
387 523 3
387 524 1
387 525 3
387 544 1
387 556 5
387 559 4
387 561 2
387 567 2
387 570 2
388 400 2
388 404 1
388 412 2
388 415 1
388 421 2
388 438 1
388 444 2
388 445 2
388 450 3
388 452 1
388 463 7
388 465 3
388 475 2
388 483 1
388 487 4
388 492 1
388 493 3
388 496 1
388 497 4
388 500 4
388 503 1
388 507 5
388 513 1
388 523 10
388 537 2
388 544 2
388 548 1
388 557 1
388 559 5
388 566 2
388 567 2
389 397 6
389 419 1
389 424 2
389 435 4
389 457 2
389 459 1
389 469 3
389 486 1
389 497 1
389 505 2
389 509 2
389 516 4
389 518 2
389 551 3
389 554 15
389 949 10
389 1010 5
389 1013 5
389 1037 2
389 1041 5
389 1070 1
389 1109 2
389 1121 5
389 1189 6
389 1259 4
389 1275 10
389 1296 2
389 1348 2
389 1385 9
389 1415 4
389 1428 2
389 1469 4
389 1472 4
389 1473 1
389 1496 3
389 1507 3
389 1545 4
389 1630 1
389 1681 4
389 1699 2
389 1745 7
389 1770 3
390 450 2
390 475 2
390 539 3
391 394 1
391 400 4
391 412 2
391 414 3
391 417 2
391 423 4
391 428 5
391 431 1
391 438 2
391 446 3
391 456 3
391 458 5
391 460 2
391 465 3
391 475 3
391 482 5
391 483 2
391 484 12
391 487 1
391 488 9
391 490 1
391 491 3
391 492 5
391 493 12
391 497 1
391 500 4
391 502 6
391 503 5
391 506 3
391 512 3
391 513 3
391 514 1
391 515 2
391 517 3
391 524 1
391 525 2
391 527 2
391 539 6
391 544 1
391 548 2
391 553 2
391 556 5
391 559 2
391 561 3
391 563 2
391 566 2
391 567 5
391 580 5
391 591 1
391 614 2
391 637 7
391 669 3
392 394 2
392 404 1
392 412 1
392 423 1
392 428 1
392 430 7
392 431 2
392 436 3
392 456 7
392 460 1
392 465 4
392 473 3
392 475 5
392 482 1
392 483 2
392 487 5
392 492 7
392 493 7
392 497 7
392 500 5
392 503 4
392 506 4
392 514 4
392 515 2
392 525 1
392 527 4
392 537 3
392 538 2
392 542 2
392 553 5
392 556 1
392 559 7
392 560 3
392 561 1
392 566 4
392 567 6
393 399 5
393 441 5
393 501 4
393 564 2
394 398 2
394 400 1
394 408 6
394 414 4
394 436 2
394 438 4
394 475 1
394 479 1
394 488 1
394 492 4
394 503 5
394 511 2
394 512 2
394 513 4
394 515 2
394 517 1
394 520 3
394 538 1
394 542 2
394 544 2
394 556 3
394 559 6
394 566 4
394 601 3
394 614 3
394 620 2
394 676 3
394 683 8
395 398 2
395 400 4
395 402 1
395 404 2
395 408 7
395 412 3
395 413 1
395 414 1
395 417 1
395 419 5
395 421 4
395 422 4
395 423 3
395 425 2
395 428 7
395 430 8
395 431 2
395 436 9
395 438 5
395 451 5
395 452 2
395 456 1
395 460 2
395 461 3
395 463 3
395 465 2
395 471 3
395 479 5
395 483 1
395 488 3
395 495 3
395 497 2
395 506 1
395 507 2
395 511 3
395 512 2
395 513 1
395 514 3
395 515 2
395 517 6
395 520 2
395 523 2
395 524 1
395 525 2
395 527 1
395 536 4
395 537 3
395 538 2
395 542 4
395 544 4
395 545 2
395 553 3
395 556 3
395 559 3
395 560 4
395 561 1
395 567 1
395 574 2
395 591 1
395 601 1
395 604 2
395 614 9
395 620 2
395 630 4
395 637 5
395 645 6
395 669 4
395 678 2
395 683 2
396 403 2
396 410 8
396 422 9
396 450 9
396 470 3
396 474 1
396 475 1
396 481 2
396 489 2
396 500 1
396 510 4
396 519 1
396 531 3
396 546 1
396 547 1
396 548 3
396 555 2
396 557 3
396 568 1
396 570 1
397 402 4
397 418 3
397 419 1
397 420 2
397 421 2
397 422 2
397 426 1
397 432 4
397 439 2
397 444 3
397 449 2
397 457 2
397 458 2
397 469 1
397 477 3
397 481 4
397 483 3
397 485 2
397 504 5
397 506 4
397 507 4
397 509 1
397 510 3
397 513 2
397 514 2
397 516 3
397 518 2
397 523 4
397 531 2
397 541 3
397 543 2
397 544 1
397 546 2
397 554 4
397 557 2
397 563 3
397 570 7
398 404 3
398 408 2
398 409 2
398 412 2
398 430 1
398 431 2
398 445 2
398 456 4
398 462 1
398 479 2
398 484 1
398 488 3
398 493 3
398 494 4
398 497 4
398 503 2
398 511 2
398 512 2
398 517 6
398 525 1
398 526 1
398 527 2
398 536 5
398 538 1
398 545 2
398 559 3
398 561 1
399 441 1
399 476 4
399 501 4
399 564 2
400 404 4
400 408 1
400 409 1
400 412 4
400 414 1
400 415 3
400 417 2
400 419 5
400 420 1
400 421 2
400 428 2
400 431 2
400 432 2
400 434 2
400 436 1
400 438 3
400 444 2
400 445 1
400 456 2
400 461 6
400 465 3
400 475 1
400 482 4
400 484 4
400 487 2
400 488 1
400 492 5
400 493 3
400 497 5
400 500 5
400 503 1
400 506 1
400 511 2
400 512 1
400 513 2
400 514 4
400 515 5
400 517 2
400 524 1
400 525 2
400 537 4
400 538 2
400 539 2
400 542 3
400 544 7
400 553 2
400 556 2
400 559 1
400 561 2
400 566 3
400 567 1
400 580 2
400 591 1
400 601 3
400 606 3
400 614 2
400 637 9
400 641 1
400 651 2
400 669 4
400 676 3
400 683 1
402 412 3
402 413 2
402 415 5
402 417 7
402 421 1
402 422 4
402 425 1
402 428 7
402 432 4
402 436 2
402 438 4
402 444 1
402 451 6
402 458 3
402 460 2
402 463 2
402 465 5
402 475 2
402 482 6
402 493 4
402 495 5
402 497 3
402 500 3
402 506 1
402 507 2
402 508 1
402 513 4
402 514 2
402 515 1
402 517 2
402 520 1
402 523 1
402 524 2
402 542 1
402 543 2
402 544 1
402 545 5
402 553 4
402 558 2
402 559 2
402 561 3
402 563 5
402 566 2
402 567 6
402 570 3
403 452 2
403 458 3
403 470 3
403 475 3
403 489 3
403 497 3
403 510 1
403 515 2
403 519 7
403 546 2
403 547 7
403 553 1
403 555 1
404 408 3
404 409 4
404 415 2
404 419 3
404 421 2
404 428 2
404 431 2
404 440 2
404 444 2
404 445 2
404 452 2
404 456 3
404 462 2
404 465 4
404 479 6
404 482 3
404 483 5
404 484 1
404 487 2
404 493 2
404 494 6
404 496 6
404 500 2
404 503 7
404 506 2
404 511 2
404 512 4
404 515 9
404 525 2
404 526 2
404 536 2
404 537 1
404 538 6
404 542 7
404 545 3
404 556 3
404 559 2
404 560 5
404 561 2
404 566 4
405 418 2
405 428 3
405 478 1
405 513 1
405 531 2
405 563 2
405 568 6
406 437 3
406 532 4
407 426 2
407 433 3
407 455 9
407 458 2
407 490 2
407 504 5
407 510 8
407 513 6
407 528 5
407 533 2
407 543 1
407 563 4
408 409 2
408 412 2
408 417 10
408 419 2
408 428 1
408 430 1
408 431 3
408 438 2
408 439 5
408 440 1
408 444 2
408 445 3
408 456 3
408 461 3
408 465 4
408 473 2
408 479 3
408 483 3
408 484 1
408 487 2
408 488 3
408 493 10
408 500 3
408 503 4
408 511 2
408 512 4
408 513 2
408 514 5
408 517 4
408 520 3
408 524 5
408 525 1
408 526 2
408 536 3
408 537 3
408 538 2
408 545 1
408 556 1
408 559 2
408 560 1
408 561 4
409 412 5
409 419 6
409 431 2
409 456 1
409 460 1
409 462 3
409 479 1
409 487 2
409 492 2
409 493 1
409 494 1
409 497 2
409 500 9
409 503 2
409 512 2
409 515 3
409 517 1
409 521 9
409 525 2
409 526 6
409 536 3
409 538 2
409 542 2
409 561 2
410 463 2
410 474 4
410 475 6
410 500 2
410 547 1
410 548 4
410 555 1
410 557 1
410 568 7
411 498 1
412 414 3
412 416 1
412 417 1
412 418 3
412 422 2
412 423 3
412 428 3
412 430 1
412 431 2
412 432 1
412 434 2
412 436 1
412 438 1
412 442 2
412 452 6
412 455 3
412 456 6
412 460 5
412 461 2
412 473 5
412 481 3
412 482 4
412 483 3
412 484 3
412 487 4
412 488 2
412 492 2
412 493 4
412 494 2
412 496 2
412 500 1
412 503 3
412 504 3
412 506 4
412 507 6
412 512 2
412 513 9
412 515 2
412 517 2
412 520 1
412 523 4
412 524 2
412 525 3
412 526 1
412 527 2
412 528 3
412 529 3
412 533 3
412 537 10
412 538 3
412 542 4
412 544 2
412 547 3
412 548 2
412 549 1
412 555 3
412 558 4
412 559 3
412 560 1
412 561 8
412 565 1
412 566 3
412 567 4
412 569 2
412 580 3
412 591 3
412 593 2
412 604 2
412 609 2
412 614 2
412 645 1
412 669 2
412 676 1
412 683 1
413 415 8
413 445 6
413 448 5
413 460 2
413 461 2
413 463 11
413 465 3
413 473 2
413 535 2
413 542 2
414 422 2
414 423 2
414 427 2
414 428 2
414 431 1
414 434 2
414 436 2
414 438 4
414 461 2
414 465 3
414 475 2
414 480 1
414 483 15
414 492 7
414 496 1
414 500 3
414 506 1
414 513 2
414 514 5
414 515 2
414 524 4
414 542 7
414 544 1
414 553 3
414 556 6
414 558 1
414 559 3
414 561 3
414 563 2
414 566 1
414 567 7
414 573 2
414 574 5
414 575 5
414 576 1
414 577 1
414 578 2
414 579 2
414 580 4
414 581 2
414 582 2
414 583 1
414 584 2
414 585 6
414 586 2
414 587 2
414 588 3
414 589 2
414 590 3
414 591 4
414 592 6
414 593 1
414 594 8
414 595 6
414 596 2
414 597 1
414 598 2
414 599 3
414 600 1
414 601 2
414 602 1
414 603 2
414 604 2
414 605 2
414 606 3
414 607 3
414 608 3
414 609 2
414 610 2
414 611 5
414 612 6
414 613 7
414 614 1
414 615 2
414 616 1
414 617 1
414 618 2
414 619 1
414 620 9
414 621 1
414 622 2
414 623 1
414 624 2
414 625 4
414 626 3
414 627 3
414 628 1
414 629 10
414 630 2
414 631 1
414 632 6
414 633 3
414 634 3
414 635 3
414 636 1
414 637 3
414 638 1
414 639 7
414 640 1
414 641 1
414 642 3
414 643 3
414 644 2
414 645 2
414 646 3
414 647 4
414 648 4
414 649 3
414 650 7
414 651 3
414 652 2
414 653 2
414 654 4
414 655 1
414 656 3
414 657 1
414 658 1
414 659 3
414 660 3
414 661 2
414 662 1
414 663 5
414 664 4
414 665 6
414 666 3
414 667 2
414 668 3
414 669 3
414 670 2
414 671 2
414 672 1
414 673 4
414 674 2
414 675 4
414 676 6
414 677 4
414 678 7
414 679 2
414 680 2
414 681 3
414 682 3
414 683 2
414 684 1
414 685 2
415 421 1
415 428 1
415 444 2
415 445 5
415 460 4
415 463 1
415 465 2
415 473 3
415 495 2
415 520 2
415 535 3
415 542 5
415 545 4
415 556 4
415 558 2
415 563 2
416 417 1
416 419 2
416 430 2
416 432 1
416 465 3
416 483 2
416 493 2
416 494 1
416 497 5
416 500 9
416 503 4
416 537 3
416 557 4
416 563 1
416 567 1
416 569 1
417 421 1
417 428 3
417 431 4
417 438 2
417 444 1
417 445 10
417 456 4
417 460 2
417 461 4
417 465 5
417 475 4
417 479 3
417 483 1
417 492 9
417 493 2
417 495 1
417 497 1
417 500 2
417 503 1
417 506 1
417 507 3
417 508 1
417 511 2
417 513 1
417 514 9
417 515 2
417 517 1
417 520 1
417 523 5
417 524 4
417 527 4
417 537 2
417 538 3
417 542 1
417 544 1
417 545 3
417 553 2
417 556 2
417 559 1
417 560 3
417 561 6
417 566 1
417 567 8
417 570 1
418 432 7
418 463 1
418 465 1
418 475 3
418 481 4
418 497 1
418 504 2
418 506 1
418 510 1
418 514 1
418 523 6
418 544 2
418 547 5
418 553 2
418 555 2
418 557 3
418 568 1
419 422 3
419 423 3
419 424 2
419 428 3
419 430 2
419 431 3
419 440 4
419 452 4
419 456 2
419 469 2
419 471 1
419 475 1
419 483 1
419 484 1
419 486 1
419 487 3
419 488 2
419 492 3
419 493 1
419 503 2
419 505 1
419 513 2
419 516 1
419 517 2
419 518 8
419 525 3
419 526 1
419 527 3
419 536 2
419 537 5
419 538 6
419 540 2
419 544 2
419 551 2
419 559 3
419 561 2
419 565 3
419 567 2
420 430 4
420 432 1
420 439 2
420 451 2
420 465 4
420 471 3
420 483 2
420 484 3
420 506 1
420 507 2
420 513 8
420 514 2
420 524 6
420 537 5
420 553 1
420 556 2
420 563 2
420 566 7
420 567 2
420 569 3
420 596 3
420 936 9
420 1237 3
420 1311 1
420 1673 3
420 1692 3
421 444 5
421 445 3
421 455 1
421 457 5
421 465 2
421 487 7
421 493 3
421 500 3
421 504 2
421 543 5
421 545 1
421 558 1
421 563 8
421 570 2
422 432 4
422 438 2
422 444 1
422 449 4
422 455 4
422 460 4
422 474 2
422 481 3
422 483 6
422 489 4
422 497 3
422 504 3
422 520 4
422 523 3
422 545 1
422 546 4
422 547 2
422 553 1
422 555 2
422 561 3
422 570 3
422 579 7
422 584 5
422 592 4
422 593 1
422 596 5
422 597 4
422 601 1
422 604 3
422 609 2
422 614 1
422 617 2
422 618 2
422 619 1
422 620 1
422 630 4
422 631 9
422 636 1
422 644 1
422 653 2
422 654 8
422 655 2
422 657 6
422 663 8
422 678 2
422 680 5
422 682 3
422 685 5
423 425 1
423 428 2
423 430 2
423 431 2
423 436 4
423 444 1
423 456 1
423 461 2
423 465 1
423 473 3
423 475 2
423 484 1
423 492 2
423 497 3
423 500 2
423 503 2
423 506 8
423 513 1
423 517 2
423 523 3
423 524 6
423 525 2
423 527 3
423 537 11
423 538 1
423 553 8
423 556 1
423 558 10
423 559 1
423 560 3
423 561 1
423 567 2
423 586 8
423 587 2
423 591 3
423 604 2
423 606 4
423 614 3
423 634 3
423 637 1
423 645 6
423 646 2
423 651 4
423 669 2
423 683 3
424 435 2
424 457 1
424 469 2
424 486 2
424 505 1
424 509 2
424 516 9
424 518 3
424 551 3
424 554 1
425 427 2
425 428 2
425 434 2
425 439 2
425 456 2
425 460 2
425 477 3
425 479 4
425 520 4
425 523 2
425 534 3
425 553 3
425 563 3
425 570 6
426 431 2
426 455 5
426 471 1
426 504 2
426 510 1
426 513 8
426 524 1
426 525 5
426 531 2
426 544 5
426 546 6
426 563 2
427 428 2
427 464 2
427 496 3
427 549 3
427 563 6
428 430 3
428 431 2
428 432 1
428 434 2
428 436 5
428 438 2
428 444 1
428 451 3
428 452 1
428 456 3
428 460 7
428 461 1
428 463 4
428 465 2
428 473 6
428 475 2
428 479 3
428 482 2
428 484 2
428 492 2
428 497 2
428 500 6
428 506 4
428 507 1
428 508 3
428 511 2
428 512 3
428 513 4
428 514 1
428 515 2
428 517 4
428 520 3
428 523 1
428 524 4
428 525 2
428 526 2
428 542 1
428 544 1
428 545 6
428 549 1
428 553 2
428 558 1
428 559 2
428 561 2
428 563 2
428 567 3
428 570 3
428 591 5
428 594 4
428 601 4
428 604 2
428 606 1
428 609 2
428 614 2
428 641 4
428 651 8
428 667 6
428 669 2
428 676 2
428 683 2
428 915 1
428 930 1
428 962 2
428 1013 5
428 1109 8
428 1114 15
428 1179 2
428 1210 4
428 1226 2
428 1237 2
428 1300 2
428 1313 1
428 1320 4
428 1358 3
428 1374 3
428 1408 3
428 1425 2
428 1446 1
428 1512 3
428 1536 4
428 1545 1
428 1549 4
428 1574 9
428 1692 2
428 1740 3
428 1777 4
428 1778 3
428 1912 1
429 455 5
429 466 6
429 481 1
429 504 3
429 522 2
429 529 2
429 531 1
429 539 2
430 432 3
430 439 2
430 451 2
430 456 4
430 465 3
430 469 3
430 471 3
430 483 4
430 484 2
430 493 2
430 497 2
430 503 2
430 514 1
430 525 2
430 526 2
430 537 5
430 541 1
430 553 1
430 559 5
430 561 8
430 563 2
430 566 2
430 569 2
431 432 1
431 434 2
431 436 2
431 438 2
431 440 3
431 456 2
431 462 3
431 465 1
431 471 9
431 472 2
431 475 2
431 479 9
431 482 1
431 483 1
431 484 1
431 487 3
431 492 2
431 493 6
431 497 4
431 500 2
431 503 2
431 506 6
431 507 2
431 511 10
431 512 7
431 513 1
431 514 1
431 515 2
431 517 1
431 525 2
431 527 1
431 536 2
431 537 1
431 538 1
431 545 3
431 556 3
431 559 3
431 561 6
431 563 1
431 566 2
431 606 2
431 614 2
431 651 4
431 669 2
431 683 2
432 438 2
432 439 6
432 444 3
432 451 1
432 452 1
432 455 4
432 456 3
432 460 4
432 465 6
432 471 2
432 475 1
432 482 2
432 483 2
432 497 3
432 504 1
432 506 2
432 507 1
432 510 2
432 513 9
432 514 3
432 521 2
432 525 4
432 527 2
432 541 1
432 544 4
432 545 3
432 546 2
432 553 2
432 555 2
432 557 5
432 559 2
432 561 4
432 563 1
432 566 4
432 569 1
432 570 2
432 571 1
433 455 2
433 504 3
433 510 2
433 528 4
433 533 4
433 563 9
434 436 4
434 456 1
434 458 2
434 475 1
434 478 1
434 488 1
434 490 4
434 492 5
434 496 3
434 497 1
434 506 1
434 515 2
434 517 2
434 523 5
434 534 1
434 559 3
434 563 2
434 566 3
434 580 5
434 591 3
434 604 2
435 459 4
435 497 1
435 518 2
435 551 4
435 555 1
435 563 5
436 438 1
436 461 1
436 465 1
436 475 3
436 478 4
436 483 5
436 484 1
436 488 3
436 492 1
436 496 2
436 497 2
436 506 4
436 507 3
436 511 2
436 513 2
436 517 5
436 523 2
436 524 7
436 525 1
436 527 2
436 542 6
436 553 1
436 556 8
436 559 1
436 561 4
436 563 3
436 566 3
436 580 3
436 591 3
436 604 2
436 606 3
436 634 1
436 635 8
436 637 2
436 646 6
436 651 2
436 652 5
436 669 1
436 673 1
436 683 3
437 453 2
437 462 4
437 463 4
437 467 2
437 498 1
437 499 3
437 532 3
437 572 5
438 444 2
438 446 2
438 452 4
438 456 2
438 460 1
438 461 2
438 465 2
438 473 2
438 475 3
438 483 5
438 488 4
438 492 8
438 493 2
438 495 3
438 496 3
438 497 2
438 500 4
438 503 3
438 506 5
438 507 2
438 511 2
438 513 4
438 514 2
438 517 2
438 520 2
438 521 1
438 523 3
438 524 8
438 525 1
438 546 1
438 548 3
438 553 2
438 556 2
438 559 2
438 561 3
438 563 2
438 566 1
438 591 1
438 596 1
438 604 5
438 606 3
438 614 1
438 634 2
438 645 2
438 651 1
438 669 1
438 676 2
438 683 3
439 442 1
439 444 5
439 445 4
439 451 4
439 456 3
439 458 3
439 461 1
439 465 6
439 471 2
439 473 2
439 475 4
439 477 1
439 487 7
439 500 6
439 506 2
439 507 2
439 513 5
439 514 1
439 517 6
439 520 2
439 523 7
439 525 1
439 527 2
439 538 2
439 542 1
439 544 3
439 553 2
439 561 1
439 563 3
439 566 2
439 567 5
439 570 4
440 449 3
440 456 3
440 479 1
440 484 4
440 493 4
440 496 2
440 508 1
440 525 1
440 538 4
441 476 2
441 501 1
441 564 1
442 460 5
442 475 1
442 523 5
442 531 3
442 544 1
442 563 4
443 453 7
444 445 4
444 449 6
444 460 9
444 473 2
444 475 3
444 483 1
444 487 3
444 488 3
444 495 1
444 500 2
444 503 6
444 504 2
444 506 3
444 507 1
444 513 4
444 517 1
444 520 2
444 523 1
444 531 3
444 538 3
444 544 1
444 545 2
444 556 6
444 559 2
444 570 2
445 460 2
445 463 2
445 465 2
445 473 2
445 487 6
445 492 1
445 493 1
445 495 3
445 500 2
445 520 1
445 535 3
445 542 1
445 556 2
445 560 3
446 475 2
446 482 4
446 483 1
446 487 2
446 490 2
446 491 2
446 492 7
446 515 3
446 517 1
446 539 1
446 548 3
448 460 3
449 480 2
449 504 1
449 507 4
449 543 5
449 563 1
450 452 2
450 463 1
450 474 1
450 475 3
450 481 3
450 489 4
450 497 1
450 500 2
450 519 7
450 531 2
450 539 1
450 547 9
450 548 3
450 557 4
451 465 11
451 471 3
451 493 1
451 503 2
451 506 1
451 507 10
451 513 3
451 514 1
451 544 7
451 553 4
451 556 2
451 561 2
451 563 3
451 567 1
451 569 1
452 460 2
452 463 5
452 465 2
452 470 2
452 475 4
452 489 2
452 497 1
452 500 1
452 506 3
452 507 2
452 510 3
452 513 3
452 519 3
452 521 2
452 531 1
452 544 2
452 546 5
452 547 4
452 553 3
452 555 3
452 557 1
452 559 2
452 566 3
453 468 2
453 498 5
454 564 4
455 466 4
455 497 4
455 500 5
455 504 2
455 506 4
455 510 1
455 522 2
455 528 8
455 529 10
455 531 7
455 539 2
455 541 3
455 543 3
455 546 1
455 553 1
455 557 2
455 561 5
455 563 4
455 565 1
455 568 1
455 569 3
456 460 7
456 462 2
456 465 1
456 473 4
456 479 1
456 484 1
456 493 3
456 494 10
456 495 6
456 496 2
456 497 2
456 503 3
456 506 3
456 511 6
456 512 5
456 513 1
456 517 3
456 520 2
456 523 2
456 524 4
456 525 1
456 527 2
456 537 3
456 538 6
456 545 1
456 553 1
456 559 1
456 561 3
456 563 2
456 566 6
456 567 3
457 459 11
457 469 1
457 477 2
457 486 2
457 505 5
457 509 2
457 516 1
457 518 3
457 551 4
457 554 3
457 563 1
458 469 8
458 470 4
458 475 3
458 482 12
458 489 2
458 490 8
458 496 2
458 497 5
458 507 3
458 510 2
458 514 3
458 515 2
458 545 1
458 553 3
458 555 1
459 486 3
459 516 10
459 518 7
459 551 1
459 563 7
460 461 1
460 463 2
460 465 1
460 473 1
460 475 4
460 479 2
460 482 2
460 492 1
460 495 3
460 497 6
460 506 2
460 507 6
460 508 2
460 514 4
460 515 1
460 517 3
460 520 1
460 521 1
460 523 2
460 524 5
460 535 4
460 542 6
460 543 1
460 544 2
460 545 6
460 547 2
460 553 1
460 558 2
460 559 13
460 560 3
460 563 4
460 566 4
460 567 5
460 570 1
461 463 1
461 465 2
461 471 1
461 475 2
461 483 2
461 492 7
461 497 2
461 506 2
461 507 5
461 513 1
461 517 1
461 520 2
461 523 2
461 524 3
461 525 1
461 527 10
461 542 1
461 544 2
461 548 2
461 553 5
461 559 1
461 561 5
461 567 1
461 590 1
461 591 2
461 606 2
461 645 2
461 653 2
461 669 3
461 683 1
462 487 8
462 493 6
462 494 3
462 512 3
462 517 4
462 525 2
462 532 2
462 536 1
462 538 3
463 473 1
463 475 3
463 481 2
463 483 4
463 489 3
463 500 1
463 504 5
463 507 6
463 517 1
463 519 2
463 524 1
463 531 1
463 535 3
463 542 5
463 547 2
463 555 4
463 557 1
463 560 5
463 570 3
464 552 1
465 471 2
465 473 4
465 475 5
465 483 3
465 484 1
465 487 10
465 493 4
465 495 5
465 500 2
465 503 1
465 506 2
465 507 1
465 511 9
465 513 6
465 515 5
465 517 12
465 524 2
465 525 2
465 526 7
465 535 1
465 537 2
465 538 4
465 542 1
465 544 4
465 556 5
465 557 1
465 558 3
465 559 1
465 561 2
465 566 3
465 567 1
465 569 3
465 570 3
465 580 1
465 591 6
465 601 1
465 604 1
465 614 2
465 669 2
465 676 5
465 683 3
466 481 4
466 504 3
466 522 3
466 529 2
466 531 1
466 539 1
467 532 2
467 572 5
469 486 12
469 497 2
469 505 7
469 516 6
469 518 2
469 540 1
469 551 3
469 553 1
469 554 2
469 563 2
470 507 2
470 519 8
470 531 2
470 547 3
470 555 2
470 562 6
471 475 2
471 507 6
471 513 4
471 514 2
471 515 3
471 524 6
471 537 4
471 553 1
471 559 3
471 561 2
471 563 2
471 566 3
471 567 2
471 569 2
472 533 5
472 567 3
473 479 1
473 483 5
473 495 1
473 503 2
473 515 1
473 525 6
473 527 2
473 535 2
473 539 6
473 542 4
473 556 1
473 560 3
473 561 3
474 475 2
474 481 4
474 489 3
474 500 10
474 531 4
474 546 2
474 547 5
474 548 1
474 557 4
475 481 2
475 482 6
475 483 2
475 484 2
475 487 1
475 488 2
475 489 3
475 490 2
475 491 7
475 492 3
475 496 6
475 497 1
475 500 4
475 502 1
475 506 6
475 507 4
475 513 5
475 514 1
475 515 2
475 517 2
475 519 2
475 521 2
475 523 10
475 524 2
475 525 2
475 527 1
475 531 7
475 542 4
475 544 2
475 545 2
475 546 2
475 547 3
475 548 2
475 553 2
475 555 3
475 556 2
475 557 4
475 559 2
475 561 2
475 563 4
475 565 2
475 566 2
475 567 4
475 580 4
475 591 4
475 604 1
475 606 1
475 641 2
475 651 3
475 676 5
475 930 1
475 1122 3
475 1155 7
475 1179 3
475 1237 3
475 1300 1
475 1313 2
475 1320 2
475 1332 4
475 1358 2
475 1374 11
475 1425 7
475 1427 1
475 1435 2
475 1514 1
475 1536 3
475 1545 2
475 1549 5
475 1645 3
475 1673 3
475 1692 2
475 1767 7
475 1844 2
475 1882 2
476 501 2
477 485 1
477 516 2
477 518 2
477 554 1
477 563 2
478 496 6
478 508 4
478 534 2
479 483 2
479 484 3
479 492 6
479 493 3
479 503 4
479 511 6
479 512 4
479 513 4
479 515 9
479 517 3
479 520 2
479 525 3
479 527 4
479 536 2
479 538 3
479 542 1
479 545 2
479 559 2
479 561 2
480 540 2
480 543 2
480 563 1
480 593 1
481 489 2
481 504 1
481 519 6
481 522 2
481 531 3
481 539 3
481 547 1
481 555 5
482 483 1
482 484 1
482 496 1
482 497 9
482 506 3
482 507 2
482 515 2
482 517 9
482 525 3
482 548 2
482 553 5
482 556 2
482 565 2
483 484 2
483 487 3
483 492 3
483 493 3
483 494 3
483 496 2
483 497 2
483 500 1
483 503 2
483 506 4
483 507 4
483 513 1
483 514 1
483 515 2
483 517 1
483 520 9
483 524 3
483 525 2
483 526 2
483 527 13
483 535 2
483 537 2
483 538 5
483 542 2
483 544 3
483 553 7
483 557 2
483 559 8
483 560 4
483 561 2
483 563 2
483 566 2
483 567 4
483 580 1
483 591 2
483 596 5
483 601 1
483 604 4
483 606 2
483 614 4
483 637 1
483 639 2
483 641 2
483 651 1
483 669 2
483 671 2
483 896 3
483 917 2
483 919 1
483 930 6
483 933 2
483 936 1
483 942 1
483 948 5
483 954 6
483 962 7
483 976 3
483 984 3
483 1001 5
483 1012 2
483 1014 1
483 1018 1
483 1020 1
483 1025 1
483 1032 8
483 1066 6
483 1080 1
483 1086 1
483 1095 4
483 1099 5
483 1102 2
483 1104 4
483 1108 1
483 1113 1
483 1114 2
483 1122 1
483 1142 1
483 1148 2
483 1155 1
483 1158 1
483 1166 2
483 1179 10
483 1192 2
483 1204 3
483 1210 3
483 1237 3
483 1245 4
483 1261 3
483 1273 1
483 1277 4
483 1281 2
483 1282 2
483 1284 10
483 1294 2
483 1300 4
483 1303 8
483 1309 1
483 1313 2
483 1318 2
483 1320 1
483 1324 2
483 1332 4
483 1349 3
483 1357 3
483 1358 2
483 1373 2
483 1374 6
483 1382 2
483 1392 8
483 1396 3
483 1397 3
483 1400 2
483 1406 1
483 1408 2
483 1425 2
483 1427 4
483 1429 6
483 1446 4
483 1454 1
483 1455 1
483 1464 3
483 1473 1
483 1475 3
483 1487 6
483 1490 4
483 1492 2
483 1495 1
483 1508 6
483 1512 3
483 1514 2
483 1515 3
483 1536 2
483 1543 1
483 1545 4
483 1565 2
483 1574 6
483 1582 4
483 1595 2
483 1606 2
483 1611 2
483 1616 4
483 1625 3
483 1631 4
483 1638 1
483 1645 1
483 1654 3
483 1660 5
483 1661 5
483 1673 1
483 1677 2
483 1679 2
483 1680 8
483 1682 3
483 1692 2
483 1694 4
483 1695 3
483 1706 5
483 1720 2
483 1729 2
483 1732 1
483 1740 2
483 1742 2
483 1744 4
483 1751 1
483 1763 1
483 1766 2
483 1767 1
483 1773 2
483 1778 3
483 1783 4
483 1786 4
483 1790 3
483 1794 2
483 1801 2
483 1812 6
483 1820 7
483 1824 4
483 1828 4
483 1844 8
483 1848 7
483 1850 4
483 1870 3
483 1871 3
483 1875 4
483 1878 3
483 1881 1
483 1882 3
483 1893 4
483 1894 2
483 1899 2
483 1907 5
484 493 2
484 494 3
484 497 8
484 500 2
484 503 2
484 506 3
484 511 4
484 513 2
484 514 10
484 515 4
484 517 2
484 520 1
484 525 3
484 526 17
484 527 2
484 536 1
484 537 2
484 538 2
484 544 2
484 559 4
484 560 7
484 566 2
484 567 2
484 580 2
484 606 3
484 637 2
484 651 4
484 913 2
484 936 2
484 953 3
484 968 2
484 1001 1
484 1029 3
484 1080 3
484 1095 1
484 1114 1
484 1122 1
484 1155 1
484 1160 1
484 1173 1
484 1179 3
484 1217 3
484 1223 4
484 1237 3
484 1238 2
484 1300 1
484 1313 5
484 1320 1
484 1349 2
484 1357 1
484 1358 3
484 1374 2
484 1397 6
484 1408 2
484 1422 4
484 1487 2
484 1506 1
484 1512 3
484 1514 2
484 1536 5
484 1543 5
484 1545 2
484 1574 1
484 1598 2
484 1604 1
484 1616 5
484 1620 4
484 1645 2
484 1673 1
484 1677 5
484 1692 1
484 1694 2
484 1740 2
484 1778 2
484 1813 2
484 1882 2
484 1885 3
484 1897 2
485 518 7
485 563 2
486 505 4
486 509 4
486 516 2
486 551 1
486 554 4
487 492 1
487 493 2
487 500 2
487 503 2
487 513 1
487 525 8
487 538 1
487 556 2
487 559 4
488 496 2
488 497 2
488 511 3
488 512 5
488 513 4
488 517 2
488 524 1
488 527 3
488 553 4
488 556 8
488 559 2
489 519 2
489 531 2
489 535 4
489 546 6
489 547 2
489 555 2
489 557 4
490 491 3
490 502 1
490 523 2
490 548 1
491 502 8
491 548 1
492 495 1
492 497 1
492 500 2
492 503 2
492 506 2
492 513 8
492 514 3
492 515 1
492 517 4
492 524 2
492 537 2
492 538 1
492 542 1
492 544 1
492 553 4
492 559 7
492 560 1
492 561 2
492 566 4
492 567 4
492 580 2
492 591 3
492 604 8
492 606 3
492 614 2
492 637 2
492 641 3
492 651 4
492 669 2
492 676 2
493 494 1
493 497 2
493 500 1
493 503 1
493 507 3
493 511 1
493 512 2
493 514 1
493 517 2
493 525 2
493 526 2
493 536 3
493 537 2
493 538 1
493 539 4
493 545 2
493 556 2
493 557 1
493 559 2
493 560 3
493 561 3
493 566 4
494 497 6
494 503 1
494 517 1
494 526 2
494 536 3
494 537 2
494 538 3
494 559 2
494 561 4
495 507 2
495 514 2
495 520 1
495 542 2
495 544 5
495 558 5
495 570 2
496 497 3
496 506 2
496 507 10
496 508 2
496 513 3
496 514 1
496 515 5
496 517 2
496 523 6
496 553 5
496 565 3
496 566 2
496 580 1
496 591 5
496 637 1
496 641 1
496 669 2
497 500 2
497 503 2
497 506 6
497 507 1
497 510 2
497 513 1
497 515 4
497 517 1
497 520 4
497 523 2
497 524 2
497 525 3
497 526 1
497 527 2
497 537 3
497 538 1
497 542 2
497 544 2
497 545 1
497 546 1
497 555 2
497 557 2
497 559 9
497 560 2
497 561 1
497 565 2
497 566 1
497 567 2
497 570 5
498 532 2
499 532 1
500 503 2
500 506 2
500 507 5
500 513 2
500 514 1
500 517 3
500 519 1
500 520 2
500 521 12
500 524 13
500 525 3
500 527 1
500 531 2
500 537 2
500 538 8
500 542 2
500 546 3
500 547 6
500 548 3
500 553 7
500 555 5
500 556 4
500 557 2
500 560 2
500 563 2
500 565 1
500 566 2
500 580 2
500 591 4
500 601 2
500 604 2
500 614 6
500 637 3
500 645 4
500 651 2
500 683 2
501 564 2
502 539 4
502 548 3
503 511 4
503 513 3
503 514 4
503 517 12
503 524 4
503 525 4
503 526 5
503 527 1
503 537 2
503 538 3
503 539 4
503 542 3
503 553 5
503 556 2
503 557 3
503 559 3
503 560 1
503 561 4
503 566 8
503 567 1
504 506 4
504 507 1
504 510 1
504 513 2
504 514 1
504 521 2
504 522 2
504 528 3
504 529 3
504 531 6
504 539 6
504 541 3
504 543 1
504 544 3
504 546 2
504 547 3
504 548 2
504 553 2
504 555 2
504 562 2
504 563 1
504 570 3
504 571 8
505 509 2
505 516 1
505 551 10
505 554 3
506 507 5
506 508 3
506 513 2
506 514 3
506 517 1
506 519 3
506 520 4
506 521 1
506 523 3
506 524 1
506 525 5
506 527 1
506 537 4
506 544 2
506 545 2
506 553 3
506 557 3
506 559 1
506 561 1
506 563 5
506 566 2
506 591 5
506 604 2
506 606 2
506 610 3
506 645 7
507 510 2
507 513 3
507 514 1
507 515 3
507 517 3
507 520 1
507 523 4
507 524 3
507 525 6
507 526 1
507 544 4
507 545 3
507 553 1
507 556 3
507 557 4
507 559 2
507 561 3
507 563 2
507 565 5
507 566 3
507 570 5
508 520 2
508 534 2
508 541 2
508 542 1
508 544 4
508 563 4
509 516 4
509 518 2
509 551 2
509 554 3
510 513 4
510 521 2
510 528 3
510 533 3
510 553 4
510 555 2
510 563 2
511 512 1
511 517 2
511 525 2
511 536 5
511 538 3
511 545 3
511 556 2
511 559 5
511 561 6
511 566 2
512 513 2
512 515 8
512 517 3
512 525 2
512 526 2
512 536 2
512 538 6
512 545 4
512 556 3
512 560 2
512 561 3
513 514 5
513 515 1
513 517 5
513 520 2
513 523 2
513 524 2
513 525 2
513 527 3
513 537 3
513 542 1
513 544 1
513 553 1
513 557 5
513 559 3
513 561 3
513 563 2
513 566 3
513 567 2
513 580 8
513 591 2
513 601 7
513 604 1
513 606 6
513 610 1
513 614 3
513 634 2
513 637 1
513 641 8
513 645 2
513 646 7
513 651 2
513 669 2
513 683 5
514 517 4
514 520 14
514 524 1
514 525 3
514 527 7
514 537 1
514 538 7
514 541 3
514 544 1
514 548 3
514 559 1
514 561 3
514 566 2
514 569 3
514 570 3
514 580 3
514 614 4
514 669 6
514 683 2
515 517 4
515 519 5
515 524 5
515 525 5
515 527 3
515 545 2
515 548 3
515 553 1
515 555 2
515 557 1
515 559 1
515 566 2
515 580 3
515 591 1
515 614 4
515 620 4
515 637 3
515 641 4
515 654 2
516 518 2
516 551 2
516 554 2
516 563 2
517 520 4
517 524 2
517 525 2
517 526 1
517 527 2
517 536 2
517 537 1
517 538 11
517 544 3
517 545 2
517 553 3
517 556 7
517 559 3
517 561 2
517 566 2
517 580 2
517 601 1
517 606 3
517 637 6
517 651 6
517 905 5
517 936 2
517 976 4
517 1025 1
517 1095 13
517 1114 1
517 1179 2
517 1237 2
517 1268 5
517 1313 4
517 1320 9
517 1358 3
517 1374 1
517 1446 1
517 1487 4
517 1512 6
517 1514 2
517 1543 4
517 1574 4
517 1616 2
517 1645 1
517 1677 3
517 1692 1
517 1694 1
517 1778 3
517 1870 1
518 551 3
518 554 2
518 563 2
519 531 2
519 546 1
519 547 3
519 548 4
519 555 1
519 557 3
520 523 4
520 524 1
520 527 1
520 542 4
520 544 4
520 545 1
520 553 8
520 561 1
520 563 3
520 567 5
520 570 5
521 544 1
522 529 4
522 531 3
522 539 5
522 546 5
522 568 1
523 524 4
523 534 2
523 544 3
523 545 6
523 553 6
523 561 2
523 563 2
523 570 2
524 525 2
524 527 2
524 542 1
524 544 1
524 553 5
524 559 5
524 561 4
524 565 3
524 566 4
524 567 5
524 590 5
524 591 4
524 606 2
524 614 2
524 637 4
524 651 5
524 683 1
525 526 1
525 527 4
525 536 2
525 537 2
525 538 6
525 542 1
525 544 5
525 545 5
525 548 3
525 559 4
525 561 6
525 563 6
525 566 2
525 567 1
526 538 7
526 553 2
526 559 7
526 561 8
526 566 3
526 606 4
526 637 2
526 651 2
526 906 2
526 968 3
526 993 1
526 1012 6
526 1049 2
526 1054 1
526 1074 5
526 1075 1
526 1078 1
526 1110 2
526 1114 2
526 1128 2
526 1179 2
526 1191 4
526 1209 2
526 1217 1
526 1226 3
526 1237 2
526 1242 4
526 1250 3
526 1265 7
526 1278 1
526 1290 2
526 1320 2
526 1329 1
526 1334 4
526 1344 3
526 1357 5
526 1358 2
526 1367 3
526 1377 2
526 1393 4
526 1407 4
526 1416 4
526 1435 2
526 1444 5
526 1487 8
526 1519 2
526 1528 1
526 1540 2
526 1557 2
526 1574 9
526 1584 2
526 1600 2
526 1609 3
526 1616 1
526 1620 1
526 1630 3
526 1644 2
526 1688 4
526 1710 2
526 1724 2
526 1730 3
526 1740 4
526 1754 3
526 1768 1
526 1778 2
526 1791 1
526 1800 1
526 1861 1
526 1864 1
526 1882 3
527 538 12
527 542 2
527 553 3
527 559 2
527 561 2
527 567 9
528 543 2
528 553 2
528 563 2
529 531 1
529 539 11
531 539 2
531 543 2
531 546 3
531 547 1
531 555 7
531 557 1
531 563 2
531 568 2
531 570 1
532 572 2
534 563 2
536 538 2
536 545 1
536 561 1
537 538 1
537 545 2
537 559 4
537 560 5
537 561 7
537 566 2
537 567 2
537 569 1
538 542 2
538 545 4
538 559 2
538 560 2
538 561 4
538 566 2
538 580 4
538 606 4
538 637 1
538 651 5
538 948 2
538 1025 3
538 1080 1
538 1114 1
538 1122 3
538 1179 1
538 1223 2
538 1226 1
538 1237 2
538 1313 3
538 1320 5
538 1349 2
538 1358 8
538 1374 9
538 1400 1
538 1408 9
538 1487 2
538 1543 3
538 1545 9
538 1565 3
538 1574 6
538 1677 1
538 1679 4
538 1692 1
538 1695 6
538 1763 1
538 1767 1
538 1778 3
538 1870 2
538 1878 3
539 560 1
539 568 3
540 559 2
540 560 2
541 563 2
541 568 2
542 553 4
542 556 4
542 559 2
542 560 5
542 561 2
542 567 2
542 580 4
542 591 2
542 606 2
542 683 2
543 545 3
543 546 2
543 558 10
543 563 2
543 570 2
544 545 1
544 553 2
544 556 1
544 557 1
544 559 2
544 561 4
544 563 1
544 566 1
544 570 2
544 580 3
544 604 1
544 645 2
544 669 2
544 676 1
544 683 2
545 553 2
545 558 8
545 559 3
545 561 1
545 563 2
545 566 1
545 570 3
546 547 3
546 555 2
546 557 14
546 563 2
547 548 2
547 555 11
547 557 1
548 555 4
548 556 3
549 563 1
551 554 2
553 555 5
553 556 3
553 558 1
553 559 3
553 560 2
553 561 2
553 565 2
553 566 2
553 567 7
553 569 1
553 570 3
553 591 3
553 609 2
553 614 2
553 620 5
553 634 3
553 644 5
553 645 2
553 666 8
553 669 1
553 683 3
554 563 1
555 557 3
556 559 6
556 563 5
556 614 4
556 652 3
556 673 6
556 676 4
556 683 6
557 570 2
558 570 5
558 604 2
559 561 3
559 566 1
559 567 1
559 580 1
559 591 1
559 604 1
559 606 4
559 614 5
559 637 8
559 651 1
559 669 2
559 676 3
559 683 5
560 561 2
560 565 4
561 565 2
561 566 2
561 567 5
561 580 1
561 591 1
561 604 1
561 606 2
561 651 2
561 669 5
561 683 3
563 566 7
563 567 2
563 569 1
563 594 2
563 604 5
563 634 3
563 645 1
563 1013 5
563 1070 1
563 1136 4
563 1217 2
563 1338 3
563 1574 1
563 1687 3
563 1688 2
563 1745 2
563 1777 7
563 1808 3
563 1912 1
563 1967 1
566 567 2
566 580 1
566 591 6
566 593 1
566 637 2
566 651 3
566 676 3
566 936 2
566 968 1
566 1128 4
566 1155 2
566 1237 3
566 1313 2
566 1320 1
566 1358 2
566 1435 3
566 1512 2
566 1536 2
566 1574 7
566 1630 2
566 1673 1
566 1692 2
566 1740 1
566 1844 1
567 580 2
567 590 3
567 591 2
567 604 2
567 610 3
567 645 2
567 646 3
567 651 2
567 683 1
567 3437 2
567 3454 4
567 3487 3
567 3723 2
567 3861 2
567 3961 3
573 575 3
573 579 4
573 588 3
573 589 4
573 592 10
573 597 2
573 598 4
573 603 2
573 605 3
573 609 3
573 611 1
573 617 1
573 618 1
573 619 3
573 622 2
573 623 2
573 625 9
573 626 2
573 630 1
573 633 1
573 636 5
573 644 1
573 653 2
573 654 2
573 664 4
573 666 2
573 672 4
573 677 9
573 680 4
573 684 1
573 685 5
574 579 1
574 584 5
574 596 2
574 616 7
574 621 4
574 630 6
574 631 2
574 663 3
574 678 1
575 579 5
575 589 2
575 592 2
575 612 1
575 617 1
575 630 1
575 654 7
575 664 4
575 680 2
575 685 2
576 578 2
576 583 1
576 600 2
576 615 1
576 627 5
576 640 2
576 643 2
576 650 3
576 658 6
576 659 2
576 661 6
576 675 6
576 681 2
577 578 1
577 582 10
577 583 3
577 595 2
577 599 1
577 600 2
577 615 3
577 627 3
577 632 3
577 635 3
577 640 7
577 643 2
577 647 1
577 650 1
577 658 1
577 659 3
577 661 1
577 662 1
577 670 1
577 675 5
577 681 3
578 582 9
578 583 2
578 595 2
578 599 4
578 600 3
578 615 1
578 627 1
578 632 3
578 635 4
578 640 2
578 643 3
578 647 3
578 650 3
578 658 3
578 659 1
578 661 1
578 662 1
578 665 2
578 670 4
578 675 4
578 681 1
579 588 5
579 589 2
579 590 2
579 592 2
579 597 2
579 598 6
579 603 3
579 605 2
579 609 5
579 611 1
579 612 2
579 616 3
579 617 2
579 619 2
579 620 2
579 621 6
579 622 3
579 623 2
579 625 2
579 626 5
579 630 5
579 633 6
579 636 4
579 639 4
579 644 5
579 653 1
579 654 3
579 663 4
579 664 3
579 666 1
579 677 1
579 680 3
579 684 2
579 685 1
580 591 2
580 601 5
580 606 2
580 637 3
580 641 3
580 656 2
580 930 2
580 931 3
580 936 4
580 976 2
580 1025 1
580 1080 1
580 1095 5
580 1113 2
580 1122 5
580 1142 5
580 1155 1
580 1179 1
580 1210 4
580 1237 4
580 1294 2
580 1300 1
580 1313 2
580 1318 4
580 1320 2
580 1332 5
580 1349 6
580 1358 4
580 1374 2
580 1427 1
580 1446 2
580 1514 1
580 1543 2
580 1565 2
580 1574 5
580 1606 8
580 1616 1
580 1645 4
580 1673 2
580 1677 1
580 1679 2
580 1692 2
580 1694 2
580 1740 3
580 1743 1
580 1744 2
580 1790 7
580 1844 1
580 1853 2
580 1870 5
580 1878 2
580 1881 3
580 1882 2
581 642 2
582 583 2
582 595 3
582 599 3
582 600 3
582 615 4
582 627 1
582 632 2
582 635 2
582 640 2
582 643 1
582 650 2
582 658 2
582 659 1
582 661 2
582 662 4
582 670 3
582 675 3
582 681 3
583 595 2
583 599 2
583 600 6
583 615 3
583 627 4
583 628 2
583 632 1
583 635 2
583 640 3
583 643 4
583 647 2
583 650 11
583 658 3
583 659 11
583 661 5
583 662 7
583 665 2
583 670 2
583 675 4
583 681 4
584 592 4
584 596 1
584 616 1
584 618 1
584 630 4
584 631 4
584 637 6
584 639 1
584 660 4
584 678 1
584 679 6
584 682 2
586 587 4
586 634 1
586 645 2
586 646 5
587 591 1
587 634 2
587 645 2
587 646 1
587 651 3
588 592 2
588 617 3
588 618 4
588 619 2
588 633 2
588 644 1
588 653 11
588 654 1
588 678 5
588 682 8
588 685 2
589 592 1
589 596 3
589 597 1
589 603 2
589 605 4
589 609 4
589 611 2
589 617 2
589 620 4
589 622 2
589 623 3
589 625 2
589 636 1
589 654 7
589 664 4
589 677 3
589 684 2
590 591 4
590 609 4
590 612 4
590 617 3
590 623 8
590 633 2
590 644 2
590 680 1
591 604 2
591 606 2
591 634 1
591 637 2
591 641 2
591 645 1
591 646 2
591 651 4
591 669 2
591 683 1
592 597 3
592 598 1
592 603 5
592 605 2
592 609 2
592 611 5
592 612 4
592 616 1
592 617 2
592 618 3
592 619 2
592 620 1
592 621 3
592 622 1
592 623 3
592 625 2
592 626 2
592 630 5
592 633 1
592 636 9
592 644 3
592 653 4
592 654 2
592 655 2
592 664 2
592 666 3
592 672 1
592 677 3
592 678 10
592 680 2
592 682 3
592 684 1
592 685 1
594 667 2
594 3980 4
594 3989 6
594 4011 2
594 4031 2
595 600 2
595 615 3
595 627 3
595 635 12
595 640 2
595 643 1
595 650 2
595 658 4
595 659 5
595 661 5
595 662 2
595 670 1
595 675 1
595 681 6
596 604 3
596 609 2
596 616 1
596 618 4
596 620 2
596 630 1
596 639 4
596 653 3
596 655 1
596 663 3
596 677 7
596 678 3
596 917 2
596 1019 1
596 1022 3
596 1032 2
596 1086 3
596 1103 3
596 1129 3
596 1148 1
596 1215 5
596 1229 6
596 1233 4
596 1235 1
596 1311 1
596 1322 5
596 1345 2
596 1412 3
596 1515 3
596 1576 1
596 1650 6
596 1680 3
596 1688 4
596 1720 8
596 1828 5
596 1859 4
596 1872 4
597 603 5
597 609 1
597 611 2
597 618 2
597 619 4
597 623 5
597 625 1
597 630 1
597 633 2
597 636 2
597 644 2
597 653 7
597 654 2
597 677 5
597 680 2
597 684 2
598 605 2
598 609 1
598 618 7
598 619 3
598 625 2
598 630 2
598 636 3
598 653 2
598 654 2
598 677 3
598 680 12
598 684 4
599 600 1
599 615 2
599 627 3
599 628 1
599 632 2
599 635 2
599 640 1
599 643 4
599 647 8
599 650 1
599 658 4
599 659 2
599 661 1
599 662 1
599 665 12
599 670 7
599 675 1
599 681 1
600 615 2
600 627 1
600 628 4
600 632 2
600 635 3
600 640 3
600 643 2
600 650 1
600 658 3
600 659 1
600 661 3
600 662 2
600 665 4
600 670 3
600 675 3
600 681 2
601 609 1
601 629 2
601 630 6
601 637 3
601 644 3
601 976 3
601 1122 11
601 1349 1
601 1512 1
601 1645 6
601 1679 2
603 605 7
603 609 2
603 611 3
603 612 2
603 619 6
603 623 2
603 625 2
603 644 3
603 654 5
603 677 3
603 680 2
603 684 1
604 606 6
604 637 1
604 645 5
604 651 1
604 669 6
604 671 2
604 676 1
605 609 3
605 617 2
605 619 1
605 626 1
605 630 3
605 644 5
605 653 2
605 654 2
605 677 2
605 678 10
605 680 2
606 614 4
606 641 3
606 645 2
606 669 2
606 905 3
606 915 6
606 917 3
606 936 4
606 963 3
606 968 4
606 1001 5
606 1012 4
606 1052 2
606 1070 5
606 1086 4
606 1110 10
606 1113 2
606 1122 2
606 1179 2
606 1183 2
606 1210 2
606 1300 2
606 1313 3
606 1314 5
606 1318 6
606 1320 3
606 1334 3
606 1349 3
606 1357 4
606 1358 1
606 1371 2
606 1374 2
606 1436 3
606 1444 2
606 1487 1
606 1490 3
606 1512 1
606 1514 5
606 1536 6
606 1548 2
606 1565 4
606 1574 1
606 1606 6
606 1616 4
606 1620 1
606 1645 2
606 1671 1
606 1673 2
606 1674 2
606 1677 2
606 1692 3
606 1699 3
606 1727 2
606 1738 3
606 1744 1
606 1766 1
606 1767 1
606 1778 2
606 1876 2
606 1882 2
606 1897 3
609 612 3
609 617 3
609 619 4
609 620 2
609 623 2
609 626 1
609 630 5
609 636 2
609 644 4
609 653 3
609 654 3
609 664 6
609 666 10
609 680 1
611 618 2
611 625 2
611 636 3
611 653 5
611 654 2
611 664 3
611 677 9
611 680 2
611 684 4
612 617 3
612 619 3
612 630 2
612 636 2
612 654 1
612 664 2
612 678 2
612 680 2
614 637 2
614 645 2
614 669 2
614 676 1
614 683 1
615 627 2
615 628 1
615 632 4
615 635 3
615 640 4
615 643 1
615 647 5
615 658 2
615 659 1
615 661 3
615 662 1
615 665 2
615 670 3
615 675 2
615 681 6
616 618 3
616 621 1
616 622 8
616 623 1
616 625 2
616 630 2
616 631 2
616 639 2
616 657 1
616 660 2
616 663 2
616 678 2
616 684 3
617 619 1
617 620 2
617 625 2
617 626 1
617 630 9
617 644 5
617 648 3
617 654 5
617 664 7
617 666 4
617 677 2
617 680 2
617 685 8
618 619 2
618 630 2
618 631 3
618 633 1
618 636 5
618 653 2
618 666 3
618 678 3
618 679 5
618 680 5
618 682 4
618 684 5
618 685 1
619 623 2
619 625 5
619 630 2
619 633 4
619 636 9
619 644 2
619 653 2
619 654 2
619 677 2
619 678 2
619 684 1
619 685 1
620 630 3
620 636 2
620 644 1
620 653 2
620 654 1
620 666 3
620 672 1
620 678 1
621 622 1
621 663 2
622 623 1
622 625 2
622 639 2
622 663 2
622 678 2
622 684 1
623 625 1
623 636 2
623 654 1
623 677 7
623 684 2
625 630 3
625 633 1
625 644 4
625 653 2
625 654 4
625 677 2
625 684 2
626 630 4
626 644 1
626 654 3
626 657 6
626 664 1
626 677 3
626 680 2
627 632 3
627 635 2
627 640 3
627 643 2
627 647 1
627 650 11
627 658 4
627 659 5
627 661 4
627 662 1
627 665 1
627 670 3
627 675 1
627 681 1
628 632 3
628 643 2
628 647 6
628 661 3
628 662 9
628 665 2
628 681 2
629 630 5
629 637 3
629 641 5
629 1223 2
629 1400 4
629 1679 1
629 1850 6
629 1893 1
630 631 1
630 636 1
630 641 2
630 644 2
630 653 3
630 655 3
630 657 6
630 663 1
630 664 2
630 666 3
630 672 3
630 678 5
630 682 3
630 684 1
630 685 1
631 639 4
631 678 4
631 679 5
631 682 4
632 635 1
632 640 1
632 643 3
632 647 3
632 650 1
632 658 3
632 659 2
632 661 4
632 662 3
632 665 4
632 670 4
632 675 3
633 636 3
633 644 1
633 653 1
633 666 2
633 680 3
634 645 6
634 646 1
634 647 2
634 651 2
635 640 3
635 643 1
635 650 2
635 658 1
635 659 3
635 661 3
635 662 5
635 670 1
635 675 10
635 681 4
636 644 2
636 653 1
636 666 3
636 677 3
636 678 3
636 680 1
636 684 2
636 685 2
637 639 3
637 641 5
637 645 10
637 669 7
637 678 5
637 679 7
637 896 2
637 936 4
637 957 4
637 968 2
637 1001 2
637 1012 2
637 1018 3
637 1025 2
637 1060 2
637 1067 3
637 1080 4
637 1086 3
637 1104 3
637 1113 4
637 1128 2
637 1142 6
637 1143 2
637 1148 2
637 1155 4
637 1179 1
637 1189 2
637 1192 4
637 1204 1
637 1277 5
637 1300 9
637 1313 2
637 1318 6
637 1320 3
637 1324 3
637 1332 3
637 1358 1
637 1374 1
637 1423 3
637 1427 2
637 1429 2
637 1436 4
637 1448 3
637 1464 2
637 1473 3
637 1475 2
637 1479 2
637 1487 1
637 1512 4
637 1526 3
637 1536 2
637 1543 1
637 1545 3
637 1573 1
637 1574 5
637 1578 2
637 1584 1
637 1595 1
637 1606 2
637 1616 1
637 1628 2
637 1645 6
637 1647 5
637 1671 4
637 1673 2
637 1677 4
637 1679 2
637 1692 3
637 1694 2
637 1716 4
637 1720 4
637 1744 2
637 1766 6
637 1778 3
637 1790 1
637 1808 3
637 1830 2
637 1853 1
637 1871 3
637 1882 4
637 1897 5
637 1901 1
639 678 6
639 682 1
640 643 6
640 647 1
640 650 1
640 658 2
640 659 2
640 661 3
640 662 2
640 670 2
640 675 6
640 681 3
641 651 3
641 915 2
641 930 9
641 962 1
641 1060 3
641 1070 4
641 1086 1
641 1113 1
641 1114 2
641 1122 5
641 1179 2
641 1210 3
641 1231 3
641 1235 2
641 1237 4
641 1273 3
641 1300 2
641 1313 5
641 1318 3
641 1320 3
641 1332 3
641 1358 4
641 1374 2
641 1400 2
641 1425 12
641 1436 9
641 1446 5
641 1448 3
641 1459 2
641 1475 3
641 1549 5
641 1565 2
641 1573 2
641 1574 6
641 1606 1
641 1616 1
641 1625 6
641 1671 1
641 1744 2
641 1763 4
641 1766 3
641 1767 2
641 1778 4
641 1830 1
641 1844 2
641 1881 2
641 1882 2
643 650 3
643 658 2
643 659 2
643 661 2
643 662 9
643 665 1
643 670 9
643 675 9
643 681 1
644 654 3
644 664 3
644 666 3
644 680 5
645 646 2
645 651 2
645 669 2
645 671 2
645 683 1
646 651 2
647 650 6
647 658 2
647 659 6
647 662 2
647 665 9
647 670 4
647 675 5
647 681 7
649 1023 4
649 1694 1
650 658 1
650 659 2
650 661 3
650 662 2
650 665 2
650 670 3
650 681 3
651 683 2
651 905 3
651 936 5
651 1001 6
651 1011 3
651 1012 9
651 1080 1
651 1113 3
651 1122 8
651 1169 1
651 1179 11
651 1223 3
651 1318 1
651 1320 4
651 1357 4
651 1358 4
651 1374 4
651 1408 3
651 1428 3
651 1473 4
651 1487 4
651 1512 6
651 1526 4
651 1536 3
651 1545 2
651 1565 7
651 1574 1
651 1606 4
651 1645 2
651 1673 3
651 1679 2
651 1692 8
651 1709 2
651 1744 3
651 1763 4
651 1767 1
651 1778 6
651 1882 5
653 654 3
653 664 1
653 666 5
653 672 2
653 677 3
653 678 5
653 680 6
653 685 5
654 664 1
654 666 4
654 672 4
654 677 3
654 678 1
654 680 2
654 683 3
654 684 3
654 685 3
655 657 4
657 682 1
658 659 3
658 661 2
658 662 5
658 665 1
658 670 2
658 675 3
658 681 1
659 661 2
659 662 4
659 665 1
659 670 2
659 675 5
659 681 2
661 662 5
661 665 1
661 670 2
661 675 2
661 681 1
662 665 3
662 670 3
662 675 5
662 681 2
664 666 2
664 685 1
665 670 1
665 675 2
666 680 2
669 671 4
670 675 7
670 681 3
672 678 1
675 681 4
676 683 4
677 680 4
677 682 11
677 684 4
678 679 2
678 682 5
678 685 5
679 682 5
680 684 3
680 685 1
686 687 4
686 688 4
686 689 5
686 690 2
686 691 1
686 692 2
686 693 3
686 694 4
686 695 7
686 696 6
686 697 4
686 698 2
686 699 1
686 700 2
686 701 2
686 702 2
686 703 2
686 704 5
686 705 3
686 706 1
686 707 1
686 708 3
686 709 6
686 710 3
686 711 2
686 712 3
686 713 5
686 714 3
686 715 2
686 716 3
686 717 2
686 718 4
686 719 4
686 720 3
686 721 5
686 722 2
686 723 2
686 724 1
686 725 5
686 726 2
686 727 2
686 728 1
686 729 2
686 730 4
686 731 4
686 732 1
686 733 3
686 734 1
686 735 2
686 736 2
686 737 5
686 738 2
686 739 4
686 740 2
686 741 2
686 742 2
686 743 4
686 744 6
686 745 6
686 746 2
686 747 3
686 748 3
686 749 2
686 750 2
686 751 4
686 752 1
686 753 3
686 754 1
686 755 1
686 756 1
686 757 2
686 758 2
686 759 4
686 760 3
686 761 4
686 762 2
686 763 3
686 764 9
686 765 2
686 766 10
686 767 2
686 768 4
686 769 2
686 770 3
686 771 8
686 772 4
686 773 2
686 774 5
686 775 2
686 776 3
686 777 3
686 778 1
686 779 1
686 780 3
686 781 3
686 782 1
686 783 11
686 784 6
686 785 2
686 786 4
686 787 5
686 788 1
686 789 2
686 790 5
686 791 6
686 792 2
686 793 2
686 794 4
686 795 5
686 796 2
686 797 2
686 798 3
686 799 2
686 800 2
686 801 2
686 802 4
686 803 8
686 804 4
686 805 3
686 806 3
686 807 5
686 808 3
686 809 2
686 810 6
686 811 6
686 812 3
686 813 1
686 814 1
686 815 4
686 816 3
686 817 2
686 818 3
686 819 1
686 820 1
686 821 2
686 822 6
686 823 5
686 824 2
686 825 1
686 826 4
686 827 1
686 828 6
686 829 3
686 830 2
686 831 1
686 832 2
686 833 1
686 834 4
686 835 11
686 836 1
686 837 2
686 838 1
686 839 2
686 840 2
686 841 1
686 842 5
686 843 4
686 844 3
686 845 2
686 846 1
686 847 4
686 848 4
686 849 2
686 850 2
686 851 2
686 852 3
686 853 2
686 854 1
686 855 1
686 856 4
687 688 3
687 697 2
687 703 2
687 718 3
687 728 1
687 730 1
687 739 1
687 747 3
687 759 4
687 764 3
687 765 3
687 774 4
687 777 4
687 779 1
687 780 1
687 783 2
687 797 4
687 805 2
687 807 2
687 817 3
687 819 1
687 820 3
687 823 2
687 828 1
687 830 4
687 838 4
687 856 3
688 694 1
688 695 4
688 696 4
688 697 3
688 701 1
688 713 4
688 719 8
688 723 2
688 724 1
688 726 1
688 727 1
688 734 10
688 739 2
688 740 2
688 747 2
688 751 5
688 752 1
688 754 4
688 756 2
688 766 4
688 770 1
688 771 3
688 772 1
688 774 2
688 777 5
688 780 3
688 792 4
688 800 8
688 805 1
688 815 2
688 819 3
688 821 2
688 823 4
688 824 2
688 828 2
688 830 3
688 834 4
688 840 6
688 845 1
688 847 2
688 849 1
688 853 1
688 856 3
689 702 1
689 712 2
689 714 3
689 732 3
689 771 3
689 789 6
689 839 3
690 694 2
690 713 4
690 731 6
690 773 2
690 784 1
690 820 6
690 831 3
690 853 1
691 746 6
691 771 3
691 782 1
691 822 3
691 833 5
693 695 1
693 697 5
693 705 6
693 713 1
693 726 2
693 734 4
693 778 2
693 823 2
693 824 2
693 828 4
693 834 3
693 837 4
693 844 2
694 695 3
694 696 4
694 697 2
694 703 1
694 705 4
694 706 2
694 710 3
694 711 1
694 713 3
694 719 2
694 722 5
694 724 11
694 726 5
694 727 8
694 731 1
694 737 3
694 738 4
694 745 5
694 752 4
694 754 3
694 756 2
694 760 3
694 766 1
694 772 3
694 773 2
694 774 1
694 780 1
694 781 1
694 784 4
694 795 2
694 798 3
694 800 3
694 805 14
694 810 3
694 812 3
694 815 4
694 820 2
694 821 1
694 823 4
694 824 2
694 827 1
694 828 2
694 829 2
694 830 4
694 831 5
694 834 1
694 842 3
694 845 5
694 847 7
694 848 2
694 853 2
695 696 6
695 697 2
695 700 2
695 701 1
695 706 3
695 711 8
695 713 2
695 718 1
695 719 2
695 724 3
695 726 1
695 734 4
695 738 4
695 745 5
695 751 2
695 752 3
695 754 1
695 760 4
695 766 4
695 777 3
695 778 2
695 780 1
695 781 1
695 784 4
695 794 1
695 805 3
695 810 5
695 815 1
695 824 3
695 829 7
695 830 4
695 834 2
695 840 2
695 842 2
695 844 1
695 847 1
695 853 2
696 697 1
696 711 1
696 713 3
696 719 1
696 724 2
696 727 2
696 738 1
696 739 4
696 745 2
696 747 1
696 773 2
696 774 2
696 778 2
696 780 1
696 784 1
696 795 2
696 805 5
696 823 3
696 824 2
696 828 1
696 829 3
696 830 3
696 834 5
696 840 7
696 842 8
696 845 8
696 853 1
697 698 6
697 701 6
697 705 2
697 708 1
697 709 4
697 713 2
697 719 4
697 721 4
697 724 7
697 726 1
697 727 1
697 731 3
697 745 2
697 747 3
697 748 4
697 753 3
697 754 1
697 760 1
697 765 3
697 766 3
697 769 4
697 772 4
697 777 5
697 780 2
697 781 3
697 800 5
697 805 1
697 815 4
697 818 1
697 819 4
697 820 4
697 823 11
697 824 3
697 827 2
697 828 5
697 830 1
697 834 3
697 835 6
697 840 1
697 842 4
697 844 2
697 848 1
697 849 2
697 856 1
